,flightno,actualflight,departtime,arrivetime,crawltime,discount,lowest_price,days_to_departure
1725,3U5092,MU5222,13:55:00,16:40:00,2019-11-19 14:44:54,3.5,740,45
1774,3U5092,MU5222,13:55:00,16:40:00,2019-11-20 15:05:06,3.5,740,44
1821,3U5092,MU5222,13:55:00,16:40:00,2019-11-21 15:01:50,3.5,740,43
1874,3U5092,MU5222,13:55:00,16:40:00,2019-11-22 14:32:05,2.7,580,42
1938,3U5092,MU5222,13:55:00,16:40:00,2019-11-23 14:33:13,3.5,740,41
1978,3U5092,MU5222,13:55:00,16:40:00,2019-11-24 14:17:41,3.5,740,40
2054,3U5092,MU5222,13:55:00,16:40:00,2019-11-25 14:08:38,3.5,740,39
2083,3U5092,MU5222,13:55:00,16:40:00,2019-11-26 13:40:19,3.5,740,38
2146,3U5092,MU5222,13:55:00,16:40:00,2019-11-27 15:29:09,3.5,740,37
2187,3U5092,MU5222,13:55:00,16:40:00,2019-11-28 14:37:10,3.5,740,36
2239,3U5092,MU5222,13:55:00,16:40:00,2019-11-29 14:04:15,3.5,740,35
2289,3U5092,MU5222,13:55:00,16:40:00,2019-11-30 13:30:20,3.5,740,34
2342,3U5092,MU5222,13:55:00,16:40:00,2019-12-01 13:11:22,3.5,740,33
2375,3U5092,MU5222,13:55:00,16:40:00,2019-12-02 13:46:31,3.5,740,32
2446,3U5092,MU5222,13:55:00,16:40:00,2019-12-03 13:43:50,3.5,740,31
2497,3U5092,MU5222,13:55:00,16:40:00,2019-12-04 13:40:53,3.5,740,30
2549,3U5092,MU5222,13:55:00,16:40:00,2019-12-05 13:14:32,3.5,740,29
2625,3U5092,MU5222,13:55:00,16:40:00,2019-12-08 14:33:07,3.5,740,26
2677,3U5092,MU5222,13:55:00,16:40:00,2019-12-10 14:18:08,3.9,820,24
2729,3U5092,MU5222,13:55:00,16:40:00,2019-12-12 13:07:58,2.9,670,22
2759,3U5092,MU5222,13:55:00,16:40:00,2019-12-13 14:26:18,2.9,670,21
2833,3U5092,MU5222,13:55:00,16:40:00,2019-12-14 15:39:16,2.9,670,20
2885,3U5092,MU5222,13:55:00,16:40:00,2019-12-15 13:12:12,2.9,670,19
2937,3U5092,MU5222,13:55:00,16:40:00,2019-12-16 13:39:33,2.9,670,18
2990,3U5092,MU5222,13:55:00,16:40:00,2019-12-17 14:32:11,2.9,670,17
3041,3U5092,MU5222,13:55:00,16:40:00,2019-12-18 15:28:15,2.9,670,16
3093,3U5092,MU5222,13:55:00,16:40:00,2019-12-19 13:31:03,1.8,410,15
3145,3U5092,MU5222,13:55:00,16:40:00,2019-12-20 12:09:46,1.8,410,14
3197,3U5092,MU5222,13:55:00,16:40:00,2019-12-21 17:01:45,1.8,410,13
3249,3U5092,MU5222,13:55:00,16:40:00,2019-12-22 15:43:13,1.8,410,12
3301,3U5092,MU5222,13:55:00,16:40:00,2019-12-23 13:54:16,2.9,680,11
3353,3U5092,MU5222,13:55:00,16:40:00,2019-12-24 14:27:50,2.9,680,10
3405,3U5092,MU5222,13:55:00,16:40:00,2019-12-25 14:34:08,2.9,680,9
3464,3U5092,MU5222,13:55:00,16:40:00,2019-12-26 14:25:08,1.6,380,8
3509,3U5092,MU5222,13:55:00,16:40:00,2019-12-27 11:43:04,2.9,680,7
3586,3U5092,MU5222,13:55:00,16:40:00,2019-12-28 15:02:54,2.8,650,6
3613,3U5092,MU5222,13:55:00,16:40:00,2019-12-29 13:06:14,2.8,650,5
3665,3U5092,MU5222,13:55:00,16:40:00,2019-12-31 15:23:33,2.8,650,3
3717,3U5092,MU5222,13:55:00,16:40:00,2020-01-02 13:09:44,2.8,650,1
3765,3U5092,MU5222,13:55:00,16:40:00,2020-01-03 15:19:21,6.4,1490,0
1713,3U5095,MU5296,07:40:00,10:30:00,2019-11-19 14:44:54,2.5,540,45
1764,3U5095,MU5296,07:40:00,10:30:00,2019-11-20 15:05:06,2.5,530,44
1809,3U5095,MU5296,07:40:00,10:30:00,2019-11-21 15:01:50,2.5,530,43
1862,3U5095,MU5296,07:40:00,10:30:00,2019-11-22 14:32:05,2.5,530,42
1950,3U5095,MU5296,07:40:00,10:30:00,2019-11-23 14:33:13,2.5,530,41
1990,3U5095,MU5296,07:40:00,10:30:00,2019-11-24 14:17:41,2.5,530,40
2025,3U5095,MU5296,07:40:00,10:30:00,2019-11-25 14:08:38,2.5,530,39
2095,3U5095,MU5296,07:40:00,10:30:00,2019-11-26 13:40:19,2.5,530,38
2158,3U5095,MU5296,07:40:00,10:30:00,2019-11-27 15:29:09,2.5,530,37
2199,3U5095,MU5296,07:40:00,10:30:00,2019-11-28 14:37:10,2.5,530,36
2253,3U5095,MU5296,07:40:00,10:30:00,2019-11-29 14:04:15,2.5,530,35
2277,3U5095,MU5296,07:40:00,10:30:00,2019-11-30 13:30:20,2.5,530,34
2330,3U5095,MU5296,07:40:00,10:30:00,2019-12-01 13:11:22,2.5,530,33
2415,3U5095,MU5296,07:40:00,10:30:00,2019-12-02 13:46:31,2.8,600,32
2434,3U5095,MU5296,07:40:00,10:30:00,2019-12-03 13:43:50,2.8,600,31
2485,3U5095,MU5296,07:40:00,10:30:00,2019-12-04 13:40:53,2.8,600,30
2537,3U5095,MU5296,07:40:00,10:30:00,2019-12-05 13:14:32,2.6,550,29
2613,3U5095,MU5296,07:40:00,10:30:00,2019-12-08 14:33:07,2.6,550,26
2665,3U5095,MU5296,07:40:00,10:30:00,2019-12-10 14:18:08,2.6,560,24
2717,3U5095,MU5296,07:40:00,10:30:00,2019-12-12 13:07:58,2.6,610,22
2782,3U5095,MU5296,07:40:00,10:30:00,2019-12-13 14:26:18,2.6,610,21
2821,3U5095,MU5296,07:40:00,10:30:00,2019-12-14 15:39:16,2.1,490,20
2873,3U5095,MU5296,07:40:00,10:30:00,2019-12-15 13:12:12,2.1,490,19
2925,3U5095,MU5296,07:40:00,10:30:00,2019-12-16 13:39:33,2.1,490,18
2978,3U5095,MU5296,07:40:00,10:30:00,2019-12-17 14:32:11,2.1,490,17
3029,3U5095,MU5296,07:40:00,10:30:00,2019-12-18 15:28:15,2.1,490,16
3081,3U5095,MU5296,07:40:00,10:30:00,2019-12-19 13:31:03,1.7,390,15
3133,3U5095,MU5296,07:40:00,10:30:00,2019-12-20 12:09:46,1.7,390,14
3185,3U5095,MU5296,07:40:00,10:30:00,2019-12-21 17:01:45,1.7,390,13
3237,3U5095,MU5296,07:40:00,10:30:00,2019-12-22 15:43:13,1.7,390,12
3289,3U5095,MU5296,07:40:00,10:30:00,2019-12-23 13:54:16,1.7,390,11
3341,3U5095,MU5296,07:40:00,10:30:00,2019-12-24 14:27:50,2.6,610,10
3393,3U5095,MU5296,07:40:00,10:30:00,2019-12-25 14:34:08,2.6,610,9
3477,3U5095,MU5296,07:40:00,10:30:00,2019-12-26 14:25:08,1.5,340,8
3497,3U5095,MU5296,07:40:00,10:30:00,2019-12-27 11:43:04,2.6,610,7
3574,3U5095,MU5296,07:40:00,10:30:00,2019-12-28 15:02:54,2.6,600,6
3601,3U5095,MU5296,07:40:00,10:30:00,2019-12-29 13:06:14,2.6,600,5
3652,3U5095,MU5296,07:40:00,10:30:00,2019-12-31 15:23:33,2.6,600,3
3692,3U5095,MU5296,07:40:00,10:30:00,2020-01-02 13:09:44,2.6,600,1
1745,3U5100,MU5402,06:30:00,09:20:00,2019-11-19 14:44:54,2.5,531,45
1790,3U5100,MU5402,06:30:00,09:20:00,2019-11-20 15:05:06,2.5,530,44
1841,3U5100,MU5402,06:30:00,09:20:00,2019-11-21 15:01:50,2.5,530,43
1894,3U5100,MU5402,06:30:00,09:20:00,2019-11-22 14:32:05,2.5,530,42
1918,3U5100,MU5402,06:30:00,09:20:00,2019-11-23 14:33:13,2.5,530,41
1959,3U5100,MU5402,06:30:00,09:20:00,2019-11-24 14:17:41,2.5,530,40
2034,3U5100,MU5402,06:30:00,09:20:00,2019-11-25 14:08:38,2.5,530,39
2063,3U5100,MU5402,06:30:00,09:20:00,2019-11-26 13:40:19,2.5,530,38
2126,3U5100,MU5402,06:30:00,09:20:00,2019-11-27 15:29:09,2.5,530,37
2167,3U5100,MU5402,06:30:00,09:20:00,2019-11-28 14:37:10,2.5,530,36
2228,3U5100,MU5402,06:30:00,09:20:00,2019-11-29 14:04:15,2.5,530,35
2309,3U5100,MU5402,06:30:00,09:20:00,2019-11-30 13:30:20,2.5,530,34
2362,3U5100,MU5402,06:30:00,09:20:00,2019-12-01 13:11:22,2.5,530,33
2400,3U5100,MU5402,06:30:00,09:20:00,2019-12-02 13:46:31,2.8,600,32
2420,3U5100,MU5402,06:30:00,09:20:00,2019-12-03 13:43:50,2.8,600,31
2517,3U5100,MU5402,06:30:00,09:15:00,2019-12-04 13:40:53,2.8,600,30
2569,3U5100,MU5402,06:30:00,09:15:00,2019-12-05 13:14:32,2.6,550,29
2645,3U5100,MU5402,06:30:00,09:15:00,2019-12-08 14:33:07,2.6,550,26
2697,3U5100,MU5402,06:30:00,09:15:00,2019-12-10 14:18:08,2.6,560,24
2749,3U5100,MU5402,06:30:00,09:15:00,2019-12-12 13:07:58,2.6,610,22
2796,3U5100,MU5402,06:30:00,09:15:00,2019-12-13 14:26:18,2.6,610,21
2853,3U5100,MU5402,06:30:00,09:15:00,2019-12-14 15:39:16,2.0,470,20
2905,3U5100,MU5402,06:30:00,09:15:00,2019-12-15 13:12:12,2.0,470,19
2957,3U5100,MU5402,06:30:00,09:15:00,2019-12-16 13:39:33,2.0,470,18
3010,3U5100,MU5402,06:30:00,09:15:00,2019-12-17 14:32:11,2.0,470,17
3061,3U5100,MU5402,06:30:00,09:15:00,2019-12-18 15:28:15,2.0,470,16
3113,3U5100,MU5402,06:30:00,09:15:00,2019-12-19 13:31:03,1.6,381,15
3165,3U5100,MU5402,06:30:00,09:15:00,2019-12-20 12:09:46,1.6,380,14
3217,3U5100,MU5402,06:30:00,09:15:00,2019-12-21 17:01:45,1.6,383,13
3269,3U5100,MU5402,06:30:00,09:15:00,2019-12-22 15:43:13,1.6,380,12
3321,3U5100,MU5402,06:30:00,09:15:00,2019-12-23 13:54:16,1.6,380,11
3373,3U5100,MU5402,06:30:00,09:15:00,2019-12-24 14:27:50,1.4,330,10
3425,3U5100,MU5402,06:30:00,09:15:00,2019-12-25 14:34:08,1.4,330,9
3450,3U5100,MU5402,06:30:00,09:15:00,2019-12-26 14:25:08,1.4,330,8
3529,3U5100,MU5402,06:30:00,09:15:00,2019-12-27 11:43:04,1.4,330,7
3556,3U5100,MU5402,06:30:00,09:15:00,2019-12-28 15:02:54,2.6,600,6
3633,3U5100,MU5402,06:30:00,09:15:00,2019-12-29 13:06:14,2.6,600,5
3685,3U5100,MU5402,06:30:00,09:15:00,2019-12-31 15:23:33,2.6,600,3
3737,3U5100,MU5402,06:30:00,09:15:00,2020-01-02 13:09:44,2.6,600,1
3785,3U5100,MU5402,06:30:00,09:15:00,2020-01-03 15:19:21,2.6,600,0
1700,3U5111,MU5414,15:55:00,18:40:00,2019-11-19 14:44:54,4.4,930,45
1753,3U5111,MU5414,15:55:00,18:40:00,2019-11-20 15:05:06,4.4,930,44
1796,3U5111,MU5414,15:55:00,18:40:00,2019-11-21 15:01:50,4.4,930,43
1848,3U5111,MU5414,15:55:00,18:40:00,2019-11-22 14:32:05,4.4,930,42
1902,3U5111,MU5414,15:55:00,18:40:00,2019-11-23 14:33:13,4.4,930,41
1997,3U5111,MU5414,15:55:00,18:40:00,2019-11-24 14:17:41,4.4,930,40
2015,3U5111,MU5414,15:55:00,18:40:00,2019-11-25 14:08:38,4.4,930,39
2107,3U5111,MU5414,15:55:00,18:40:00,2019-11-26 13:40:19,4.4,930,38
2109,3U5111,MU5414,15:55:00,18:40:00,2019-11-27 15:29:09,4.4,930,37
2211,3U5111,MU5414,15:55:00,18:40:00,2019-11-28 14:37:10,4.4,930,36
2233,3U5111,MU5414,15:55:00,18:40:00,2019-11-29 14:04:15,4.4,930,35
2264,3U5111,MU5414,15:55:00,18:40:00,2019-11-30 13:30:20,4.4,930,34
2317,3U5111,MU5414,15:55:00,18:40:00,2019-12-01 13:11:22,4.4,930,33
2393,3U5111,MU5414,15:55:00,18:40:00,2019-12-02 13:46:31,4.4,930,32
2421,3U5111,MU5414,15:55:00,18:40:00,2019-12-03 13:43:50,4.4,930,31
2472,3U5111,MU5414,15:55:00,18:40:00,2019-12-04 13:40:53,4.4,930,30
2524,3U5111,MU5414,15:55:00,18:40:00,2019-12-05 13:14:32,4.4,930,29
2600,3U5111,MU5414,15:55:00,18:40:00,2019-12-08 14:33:07,4.4,930,26
2652,3U5111,MU5414,15:55:00,18:40:00,2019-12-10 14:18:08,4.9,1030,24
2704,3U5111,MU5414,15:55:00,18:40:00,2019-12-12 13:07:58,2.9,670,22
2757,3U5111,MU5414,15:55:00,18:40:00,2019-12-13 14:26:18,2.9,670,21
2808,3U5111,MU5414,15:55:00,18:40:00,2019-12-14 15:39:16,2.9,670,20
2860,3U5111,MU5414,15:55:00,18:40:00,2019-12-15 13:12:12,2.9,670,19
2912,3U5111,MU5414,15:55:00,18:40:00,2019-12-16 13:39:33,2.9,670,18
2965,3U5111,MU5414,15:55:00,18:40:00,2019-12-17 14:32:11,2.9,670,17
3016,3U5111,MU5414,15:55:00,18:40:00,2019-12-18 15:28:15,2.9,670,16
3068,3U5111,MU5414,15:55:00,18:40:00,2019-12-19 13:31:03,1.8,410,15
3120,3U5111,MU5414,15:55:00,18:40:00,2019-12-20 12:09:46,1.8,410,14
3172,3U5111,MU5414,15:55:00,18:40:00,2019-12-21 17:01:45,1.8,410,13
3224,3U5111,MU5414,15:55:00,18:40:00,2019-12-22 15:43:13,1.8,410,12
3276,3U5111,MU5414,15:55:00,18:40:00,2019-12-23 13:54:16,1.8,410,11
3328,3U5111,MU5414,15:55:00,18:40:00,2019-12-24 14:27:50,2.9,680,10
3381,3U5111,MU5414,15:55:00,18:40:00,2019-12-25 14:34:08,2.9,680,9
3459,3U5111,MU5414,15:55:00,18:40:00,2019-12-26 14:25:08,1.6,380,8
3484,3U5111,MU5414,15:55:00,18:40:00,2019-12-27 11:43:04,2.9,680,7
3536,3U5111,MU5414,15:55:00,18:40:00,2019-12-28 15:02:54,2.8,650,6
3589,3U5111,MU5414,15:55:00,18:40:00,2019-12-29 13:06:14,2.8,650,5
3653,3U5111,MU5414,15:55:00,18:40:00,2019-12-31 15:23:33,2.8,650,3
3693,3U5111,MU5414,15:55:00,18:40:00,2020-01-02 13:09:44,2.8,650,1
3760,3U5111,MU5414,15:55:00,18:40:00,2020-01-03 15:19:21,2.8,650,0
1715,3U5113,MU5416,17:00:00,20:00:00,2019-11-19 14:44:54,3.5,740,45
1765,3U5113,MU5416,17:00:00,20:00:00,2019-11-20 15:05:06,3.5,740,44
1811,3U5113,MU5416,17:00:00,20:00:00,2019-11-21 15:01:50,3.5,740,43
1864,3U5113,MU5416,17:00:00,20:00:00,2019-11-22 14:32:05,3.5,740,42
1948,3U5113,MU5416,17:00:00,20:00:00,2019-11-23 14:33:13,3.5,740,41
1988,3U5113,MU5416,17:00:00,20:00:00,2019-11-24 14:17:41,3.5,740,40
2023,3U5113,MU5416,17:00:00,20:00:00,2019-11-25 14:08:38,3.5,740,39
2093,3U5113,MU5416,17:00:00,20:00:00,2019-11-26 13:40:19,3.5,740,38
2156,3U5113,MU5416,17:00:00,20:00:00,2019-11-27 15:29:09,3.5,740,37
2197,3U5113,MU5416,17:00:00,20:00:00,2019-11-28 14:37:10,3.5,740,36
2250,3U5113,MU5416,17:00:00,20:00:00,2019-11-29 14:04:15,3.5,740,35
2279,3U5113,MU5416,17:00:00,20:00:00,2019-11-30 13:30:20,3.5,740,34
2332,3U5113,MU5416,17:00:00,20:00:00,2019-12-01 13:11:22,3.5,740,33
2417,3U5113,MU5416,17:00:00,20:00:00,2019-12-02 13:46:31,3.5,740,32
2436,3U5113,MU5416,17:00:00,20:00:00,2019-12-03 13:43:50,3.5,740,31
2487,3U5113,MU5416,17:00:00,20:00:00,2019-12-04 13:40:53,3.5,740,30
2539,3U5113,MU5416,17:00:00,20:00:00,2019-12-05 13:14:32,3.5,740,29
2615,3U5113,MU5416,17:00:00,20:00:00,2019-12-08 14:33:07,3.5,740,26
2667,3U5113,MU5416,17:00:00,20:00:00,2019-12-10 14:18:08,3.9,820,24
2719,3U5113,MU5416,17:00:00,20:00:00,2019-12-12 13:07:58,2.9,670,22
2785,3U5113,MU5416,17:00:00,20:00:00,2019-12-13 14:26:18,2.9,670,21
2823,3U5113,MU5416,17:00:00,20:00:00,2019-12-14 15:39:16,2.9,670,20
2875,3U5113,MU5416,17:00:00,20:00:00,2019-12-15 13:12:12,2.9,670,19
2927,3U5113,MU5416,17:00:00,20:00:00,2019-12-16 13:39:33,2.9,670,18
2980,3U5113,MU5416,17:00:00,20:00:00,2019-12-17 14:32:11,2.9,670,17
3031,3U5113,MU5416,17:00:00,20:00:00,2019-12-18 15:28:15,2.9,670,16
3083,3U5113,MU5416,17:00:00,20:00:00,2019-12-19 13:31:03,1.8,410,15
3135,3U5113,MU5416,17:00:00,20:00:00,2019-12-20 12:09:46,1.8,410,14
3187,3U5113,MU5416,17:00:00,20:00:00,2019-12-21 17:01:45,1.8,410,13
3239,3U5113,MU5416,17:00:00,20:00:00,2019-12-22 15:43:13,1.8,410,12
3291,3U5113,MU5416,17:00:00,20:00:00,2019-12-23 13:54:16,2.9,680,11
3343,3U5113,MU5416,17:00:00,20:00:00,2019-12-24 14:27:50,2.9,680,10
3395,3U5113,MU5416,17:00:00,20:00:00,2019-12-25 14:34:08,2.9,680,9
3475,3U5113,MU5416,17:00:00,20:00:00,2019-12-26 14:25:08,1.6,380,8
3499,3U5113,MU5416,17:00:00,20:00:00,2019-12-27 11:43:04,2.9,680,7
3576,3U5113,MU5416,17:15:00,20:00:00,2019-12-28 15:02:54,2.8,650,6
3603,3U5113,MU5416,17:15:00,20:00:00,2019-12-29 13:06:14,2.8,650,5
3655,3U5113,MU5416,17:15:00,20:00:00,2019-12-31 15:23:33,2.8,650,3
3707,3U5113,MU5416,17:15:00,20:00:00,2020-01-02 13:09:44,2.8,650,1
3758,3U5113,MU5416,17:15:00,20:00:00,2020-01-03 15:19:21,2.8,650,0
3800,3U5113,MU5416,17:15:00,20:00:00,2020-01-04 15:12:13,2.8,650,0
1714,3U8647,,17:20:00,20:10:00,2019-11-19 14:44:54,2.8,600,45
1810,3U8647,,17:20:00,20:10:00,2019-11-21 15:01:50,3.5,740,43
1863,3U8647,,17:20:00,20:10:00,2019-11-22 14:32:05,3.2,680,42
1949,3U8647,,17:20:00,20:10:00,2019-11-23 14:33:13,3.2,680,41
1989,3U8647,,17:20:00,20:10:00,2019-11-24 14:17:41,3.2,680,40
2024,3U8647,,17:20:00,20:10:00,2019-11-25 14:08:38,3.2,680,39
2094,3U8647,,17:20:00,20:10:00,2019-11-26 13:40:19,3.5,740,38
2157,3U8647,,17:20:00,20:10:00,2019-11-27 15:29:09,3.5,740,37
2198,3U8647,,17:20:00,20:10:00,2019-11-28 14:37:10,3.5,740,36
2251,3U8647,,17:20:00,20:10:00,2019-11-29 14:04:15,3.5,740,35
2278,3U8647,,17:20:00,20:10:00,2019-11-30 13:30:20,3.5,740,34
2331,3U8647,,17:20:00,20:10:00,2019-12-01 13:11:22,3.5,740,33
2416,3U8647,,17:20:00,20:10:00,2019-12-02 13:46:31,3.5,740,32
2435,3U8647,,17:20:00,20:10:00,2019-12-03 13:43:50,3.5,740,31
2486,3U8647,,17:20:00,20:10:00,2019-12-04 13:40:53,3.5,740,30
2538,3U8647,,17:20:00,20:10:00,2019-12-05 13:14:32,3.5,740,29
2576,3U8647,,17:20:00,20:10:00,2019-12-06 14:10:29,6.5,1380,28
2614,3U8647,,17:20:00,20:10:00,2019-12-08 14:33:07,2.8,600,26
2666,3U8647,,17:20:00,20:10:00,2019-12-10 14:18:08,3.3,700,24
2718,3U8647,,17:20:00,20:10:00,2019-12-12 13:07:58,3.3,700,22
2783,3U8647,,17:20:00,20:10:00,2019-12-13 14:26:18,3.3,700,21
2822,3U8647,,17:20:00,20:10:00,2019-12-14 15:39:16,3.3,700,20
2874,3U8647,,17:20:00,20:10:00,2019-12-15 13:12:12,2.8,600,19
2926,3U8647,,17:20:00,20:10:00,2019-12-16 13:39:33,2.8,600,18
2979,3U8647,,17:20:00,20:10:00,2019-12-17 14:32:11,2.8,590,17
3030,3U8647,,17:20:00,20:10:00,2019-12-18 15:28:15,2.8,600,16
3082,3U8647,,17:20:00,20:10:00,2019-12-19 13:31:03,2.8,600,15
3134,3U8647,,17:20:00,20:10:00,2019-12-20 12:09:46,2.4,510,14
3186,3U8647,,17:20:00,20:10:00,2019-12-21 17:01:45,2.2,510,13
3238,3U8647,,17:20:00,20:10:00,2019-12-22 15:43:13,1.7,400,12
3290,3U8647,,17:20:00,20:10:00,2019-12-23 13:54:16,1.7,400,11
3342,3U8647,,17:20:00,20:10:00,2019-12-24 14:27:50,2.2,510,10
3394,3U8647,,17:20:00,20:10:00,2019-12-25 14:34:08,1.6,370,9
3476,3U8647,,17:20:00,20:10:00,2019-12-26 14:25:08,1.6,370,8
3498,3U8647,,17:20:00,20:10:00,2019-12-27 11:43:04,2.8,650,7
3575,3U8647,,17:20:00,20:10:00,2019-12-28 15:02:54,2.8,660,6
3602,3U8647,,17:20:00,20:10:00,2019-12-29 13:06:14,2.8,660,5
3654,3U8647,,17:20:00,20:10:00,2019-12-31 15:23:33,2.8,650,3
3706,3U8647,,17:20:00,20:10:00,2020-01-02 13:09:44,2.8,650,1
3757,3U8647,,17:20:00,20:10:00,2020-01-03 15:19:21,2.8,650,0
3803,3U8647,,17:20:00,20:10:00,2020-01-04 15:12:13,1.4,330,0
1712,3U8961,,07:40:00,10:30:00,2019-11-19 14:44:54,2.5,531,45
1808,3U8961,,07:40:00,10:30:00,2019-11-21 15:01:50,2.5,530,43
1861,3U8961,,07:40:00,10:30:00,2019-11-22 14:32:05,2.5,530,42
1951,3U8961,,07:40:00,10:30:00,2019-11-23 14:33:13,2.5,530,41
1991,3U8961,,07:40:00,10:30:00,2019-11-24 14:17:41,2.5,530,40
2026,3U8961,,07:40:00,10:30:00,2019-11-25 14:08:38,2.5,530,39
2096,3U8961,,07:40:00,10:30:00,2019-11-26 13:40:19,2.5,530,38
2159,3U8961,,07:40:00,10:30:00,2019-11-27 15:29:09,2.5,530,37
2200,3U8961,,07:40:00,10:30:00,2019-11-28 14:37:10,2.5,530,36
2254,3U8961,,07:40:00,10:30:00,2019-11-29 14:04:15,2.5,530,35
2276,3U8961,,07:40:00,10:30:00,2019-11-30 13:30:20,2.5,530,34
2329,3U8961,,07:40:00,10:30:00,2019-12-01 13:11:22,2.8,600,33
2414,3U8961,,07:40:00,10:30:00,2019-12-02 13:46:31,2.8,600,32
2433,3U8961,,07:40:00,10:30:00,2019-12-03 13:43:50,2.8,600,31
2484,3U8961,,07:40:00,10:30:00,2019-12-04 13:40:53,2.8,600,30
2536,3U8961,,07:40:00,10:30:00,2019-12-05 13:14:32,2.8,600,29
2587,3U8961,,07:40:00,10:30:00,2019-12-06 14:10:29,2.8,600,28
2612,3U8961,,07:40:00,10:30:00,2019-12-08 14:33:07,2.8,600,26
2664,3U8961,,07:40:00,10:30:00,2019-12-10 14:18:08,2.8,600,24
2716,3U8961,,07:40:00,10:30:00,2019-12-12 13:07:58,2.8,600,22
2780,3U8961,,07:40:00,10:30:00,2019-12-13 14:26:18,2.8,600,21
2820,3U8961,,07:40:00,10:30:00,2019-12-14 15:39:16,2.8,600,20
2872,3U8961,,07:40:00,10:30:00,2019-12-15 13:12:12,2.5,530,19
2924,3U8961,,07:40:00,10:30:00,2019-12-16 13:39:33,2.8,600,18
2977,3U8961,,07:40:00,10:30:00,2019-12-17 14:32:11,2.8,590,17
3028,3U8961,,07:40:00,10:30:00,2019-12-18 15:28:15,2.5,530,16
3080,3U8961,,07:40:00,10:30:00,2019-12-19 13:31:03,2.8,600,15
3132,3U8961,,07:40:00,10:30:00,2019-12-20 12:09:46,2.5,530,14
3184,3U8961,,07:40:00,10:30:00,2019-12-21 17:01:45,2.3,530,13
3236,3U8961,,07:40:00,10:30:00,2019-12-22 15:43:13,2.0,470,12
3288,3U8961,,07:40:00,10:30:00,2019-12-23 13:54:16,2.0,470,11
3340,3U8961,,07:40:00,10:30:00,2019-12-24 14:27:50,2.2,510,10
3392,3U8961,,07:40:00,10:30:00,2019-12-25 14:34:08,1.4,320,9
3478,3U8961,,07:40:00,10:30:00,2019-12-26 14:25:08,1.6,370,8
3496,3U8961,,07:40:00,10:30:00,2019-12-27 11:43:04,2.6,600,7
3573,3U8961,,07:40:00,10:30:00,2019-12-28 15:02:54,2.6,610,6
3588,3U8961,,07:40:00,10:30:00,2019-12-29 13:06:14,2.6,610,5
3651,3U8961,,07:40:00,10:30:00,2019-12-31 15:23:33,2.6,600,3
3705,3U8961,,07:40:00,10:30:00,2020-01-02 13:09:44,2.6,600,1
3756,3U8961,,07:40:00,10:30:00,2020-01-03 15:19:21,2.6,600,0
1728,3U8963,,12:30:00,15:20:00,2019-11-19 14:44:54,3.4,720,45
1824,3U8963,,12:30:00,15:20:00,2019-11-21 15:01:50,3.2,680,43
1877,3U8963,,12:30:00,15:20:00,2019-11-22 14:32:05,4.1,860,42
1935,3U8963,,12:30:00,15:20:00,2019-11-23 14:33:13,4.1,860,41
1975,3U8963,,12:30:00,15:20:00,2019-11-24 14:17:41,4.1,860,40
2051,3U8963,,12:30:00,15:20:00,2019-11-25 14:08:38,3.5,740,39
2080,3U8963,,12:30:00,15:20:00,2019-11-26 13:40:19,3.2,680,38
2143,3U8963,,12:30:00,15:20:00,2019-11-27 15:29:09,3.2,680,37
2184,3U8963,,12:30:00,15:20:00,2019-11-28 14:37:10,3.2,680,36
2246,3U8963,,12:30:00,15:20:00,2019-11-29 14:04:15,3.2,680,35
2292,3U8963,,12:30:00,15:20:00,2019-11-30 13:30:20,3.2,680,34
2345,3U8963,,12:30:00,15:20:00,2019-12-01 13:11:22,3.2,680,33
2390,3U8963,,12:30:00,15:20:00,2019-12-02 13:46:31,3.2,680,32
2449,3U8963,,12:30:00,15:20:00,2019-12-03 13:43:50,3.2,680,31
2500,3U8963,,12:30:00,15:20:00,2019-12-04 13:40:53,3.2,680,30
2552,3U8963,,12:30:00,15:20:00,2019-12-05 13:14:32,3.2,680,29
2579,3U8963,,12:30:00,15:20:00,2019-12-06 14:10:29,3.3,700,28
2628,3U8963,,12:30:00,15:20:00,2019-12-08 14:33:07,2.8,600,26
2680,3U8963,,12:30:00,15:20:00,2019-12-10 14:18:08,2.8,600,24
2732,3U8963,,12:30:00,15:20:00,2019-12-12 13:07:58,2.8,600,22
2762,3U8963,,12:30:00,15:20:00,2019-12-13 14:26:18,2.8,600,21
2836,3U8963,,12:30:00,15:20:00,2019-12-14 15:39:16,2.8,600,20
2888,3U8963,,12:30:00,15:20:00,2019-12-15 13:12:12,2.8,600,19
2940,3U8963,,12:30:00,15:20:00,2019-12-16 13:39:33,2.8,600,18
2993,3U8963,,12:30:00,15:20:00,2019-12-17 14:32:11,2.8,590,17
3044,3U8963,,12:30:00,15:20:00,2019-12-18 15:28:15,2.5,520,16
3096,3U8963,,12:30:00,15:20:00,2019-12-19 13:31:03,2.5,520,15
3148,3U8963,,12:30:00,15:20:00,2019-12-20 12:09:46,2.5,520,14
3200,3U8963,,12:30:00,15:20:00,2019-12-21 17:01:45,2.2,520,13
3252,3U8963,,12:30:00,15:20:00,2019-12-22 15:43:13,1.7,400,12
3304,3U8963,,12:30:00,15:20:00,2019-12-23 13:54:16,1.7,400,11
3356,3U8963,,12:30:00,15:20:00,2019-12-24 14:27:50,2.2,520,10
3408,3U8963,,12:30:00,15:20:00,2019-12-25 14:34:08,1.6,370,9
3461,3U8963,,12:30:00,15:20:00,2019-12-26 14:25:08,1.6,370,8
3512,3U8963,,12:30:00,15:20:00,2019-12-27 11:43:04,2.8,650,7
3539,3U8963,,12:30:00,15:20:00,2019-12-28 15:02:54,2.8,660,6
3616,3U8963,,12:30:00,15:20:00,2019-12-29 13:06:14,2.8,660,5
3668,3U8963,,12:30:00,15:20:00,2019-12-31 15:23:33,2.8,650,3
3720,3U8963,,12:30:00,15:20:00,2020-01-02 13:09:44,2.8,650,1
3768,3U8963,,12:30:00,15:20:00,2020-01-03 15:19:21,2.8,650,0
1727,3U8965,,15:50:00,18:40:00,2019-11-19 14:44:54,3.4,720,45
1823,3U8965,,15:50:00,18:40:00,2019-11-21 15:01:50,3.2,680,43
1876,3U8965,,15:50:00,18:40:00,2019-11-22 14:32:05,4.1,860,42
1936,3U8965,,15:50:00,18:40:00,2019-11-23 14:33:13,4.1,860,41
1976,3U8965,,15:50:00,18:40:00,2019-11-24 14:17:41,4.1,860,40
2052,3U8965,,15:50:00,18:40:00,2019-11-25 14:08:38,4.1,860,39
2081,3U8965,,15:50:00,18:40:00,2019-11-26 13:40:19,4.1,860,38
2144,3U8965,,15:50:00,18:40:00,2019-11-27 15:29:09,4.1,860,37
2185,3U8965,,15:50:00,18:40:00,2019-11-28 14:37:10,4.1,860,36
2237,3U8965,,15:50:00,18:40:00,2019-11-29 14:04:15,4.1,860,35
2291,3U8965,,15:50:00,18:40:00,2019-11-30 13:30:20,4.1,860,34
2344,3U8965,,15:50:00,18:40:00,2019-12-01 13:11:22,4.1,860,33
2391,3U8965,,15:50:00,18:40:00,2019-12-02 13:46:31,4.1,860,32
2448,3U8965,,15:50:00,18:40:00,2019-12-03 13:43:50,4.1,860,31
2499,3U8965,,15:50:00,18:40:00,2019-12-04 13:40:53,4.1,860,30
2551,3U8965,,15:50:00,18:40:00,2019-12-05 13:14:32,4.1,860,29
2578,3U8965,,15:50:00,18:40:00,2019-12-06 14:10:29,4.1,870,28
2627,3U8965,,15:50:00,18:40:00,2019-12-08 14:33:07,2.8,600,26
2679,3U8965,,15:50:00,18:40:00,2019-12-10 14:18:08,2.8,600,24
2731,3U8965,,15:50:00,18:40:00,2019-12-12 13:07:58,3.8,810,22
2761,3U8965,,15:50:00,18:40:00,2019-12-13 14:26:18,3.8,810,21
2835,3U8965,,15:50:00,18:40:00,2019-12-14 15:39:16,2.8,600,20
2887,3U8965,,15:50:00,18:40:00,2019-12-15 13:12:12,3.8,810,19
2939,3U8965,,15:50:00,18:40:00,2019-12-16 13:39:33,3.8,810,18
2992,3U8965,,15:50:00,18:40:00,2019-12-17 14:32:11,3.8,810,17
3043,3U8965,,15:50:00,18:40:00,2019-12-18 15:28:15,3.8,810,16
3095,3U8965,,15:50:00,18:40:00,2019-12-19 13:31:03,3.8,810,15
3147,3U8965,,15:50:00,18:40:00,2019-12-20 12:09:46,2.8,600,14
3199,3U8965,,15:50:00,18:40:00,2019-12-21 17:01:45,2.6,600,13
3251,3U8965,,15:50:00,18:40:00,2019-12-22 15:43:13,2.0,470,12
3303,3U8965,,15:50:00,18:40:00,2019-12-23 13:54:16,1.7,400,11
3355,3U8965,,15:50:00,18:40:00,2019-12-24 14:27:50,2.2,520,10
3407,3U8965,,15:50:00,18:40:00,2019-12-25 14:34:08,1.6,370,9
3462,3U8965,,15:50:00,18:40:00,2019-12-26 14:25:08,2.0,470,8
3511,3U8965,,15:50:00,18:40:00,2019-12-27 11:43:04,2.8,650,7
3538,3U8965,,15:50:00,18:40:00,2019-12-28 15:02:54,2.8,660,6
3615,3U8965,,15:50:00,18:40:00,2019-12-29 13:06:14,2.8,660,5
3667,3U8965,,15:50:00,18:40:00,2019-12-31 15:23:33,2.8,650,3
3719,3U8965,,15:50:00,18:40:00,2020-01-02 13:09:44,2.8,650,1
3767,3U8965,,15:50:00,18:40:00,2020-01-03 15:19:21,2.8,650,0
1749,8L7476,HU7476,08:00:00,10:40:00,2019-11-19 14:44:54,4.8,1020,45
1794,8L7476,HU7476,08:00:00,10:40:00,2019-11-20 15:05:06,4.8,1010,44
1845,8L7476,HU7476,08:00:00,10:40:00,2019-11-21 15:01:50,4.2,890,43
1898,8L7476,HU7476,08:00:00,10:40:00,2019-11-22 14:32:05,4.2,880,42
1914,8L7476,HU7476,08:00:00,10:40:00,2019-11-23 14:33:13,3.0,640,41
1955,8L7476,HU7476,08:00:00,10:40:00,2019-11-24 14:17:41,3.0,640,40
2029,8L7476,HU7476,08:00:00,10:40:00,2019-11-25 14:08:38,3.0,640,39
2059,8L7476,HU7476,08:00:00,10:40:00,2019-11-26 13:40:19,3.0,640,38
2122,8L7476,HU7476,08:00:00,10:40:00,2019-11-27 15:29:09,3.0,640,37
2163,8L7476,HU7476,08:00:00,10:40:00,2019-11-28 14:37:10,3.0,640,36
2234,8L7476,HU7476,08:00:00,10:40:00,2019-11-29 14:04:15,3.0,640,35
2313,8L7476,HU7476,08:00:00,10:40:00,2019-11-30 13:30:20,3.0,640,34
2366,8L7476,HU7476,08:00:00,10:40:00,2019-12-01 13:11:22,3.0,640,33
2396,8L7476,HU7476,08:00:00,10:40:00,2019-12-02 13:46:31,3.0,640,32
2469,8L7476,HU7476,08:00:00,10:40:00,2019-12-03 13:43:50,3.0,640,31
2521,8L7476,HU7476,08:00:00,10:40:00,2019-12-04 13:40:53,3.0,640,30
2573,8L7476,HU7476,08:00:00,10:40:00,2019-12-05 13:14:32,3.0,640,29
2649,8L7476,HU7476,08:00:00,10:40:00,2019-12-08 14:33:07,3.0,640,26
2701,8L7476,HU7476,08:00:00,10:40:00,2019-12-10 14:18:08,3.0,640,24
2753,8L7476,HU7476,08:00:00,10:40:00,2019-12-12 13:07:58,2.5,530,22
2804,8L7476,HU7476,08:00:00,10:40:00,2019-12-13 14:26:18,3.0,630,21
2857,8L7476,HU7476,08:00:00,10:40:00,2019-12-14 15:39:16,3.0,640,20
2909,8L7476,HU7476,08:00:00,10:40:00,2019-12-15 13:12:12,3.0,640,19
2961,8L7476,HU7476,08:00:00,10:40:00,2019-12-16 13:39:33,3.0,640,18
3013,8L7476,HU7476,08:00:00,10:40:00,2019-12-17 14:32:11,4.2,890,17
3065,8L7476,HU7476,08:00:00,10:40:00,2019-12-18 15:28:15,3.0,640,16
3117,8L7476,HU7476,08:00:00,10:40:00,2019-12-19 13:31:03,3.0,640,15
3169,8L7476,HU7476,08:00:00,10:40:00,2019-12-20 12:09:46,2.5,530,14
3221,8L7476,HU7476,08:00:00,10:40:00,2019-12-21 17:01:45,2.5,530,13
3273,8L7476,HU7476,08:00:00,10:40:00,2019-12-22 15:43:13,2.2,470,12
3325,8L7476,HU7476,08:00:00,10:40:00,2019-12-23 13:54:16,2.2,470,11
3377,8L7476,HU7476,08:00:00,10:40:00,2019-12-24 14:27:50,4.2,890,10
3429,8L7476,HU7476,08:00:00,10:40:00,2019-12-25 14:34:08,4.2,890,9
3454,8L7476,HU7476,08:00:00,10:40:00,2019-12-26 14:25:08,4.2,890,8
3533,8L7476,HU7476,08:00:00,10:40:00,2019-12-27 11:43:04,4.2,890,7
3560,8L7476,HU7476,08:00:00,10:40:00,2019-12-28 15:02:54,2.2,470,6
3637,8L7476,HU7476,08:00:00,10:40:00,2019-12-29 13:06:14,2.2,470,5
3689,8L7476,HU7476,08:00:00,10:40:00,2019-12-31 15:23:33,4.8,1020,3
3741,8L7476,HU7476,08:00:00,10:40:00,2020-01-02 13:09:44,2.8,590,1
3781,8L7476,HU7476,08:00:00,10:40:00,2020-01-03 15:19:21,4.2,890,0
1736,CA1948,,12:20:00,15:15:00,2019-11-19 14:44:54,4.9,1040,45
1781,CA1948,,12:20:00,15:15:00,2019-11-20 15:05:06,4.9,1040,44
1832,CA1948,,12:20:00,15:15:00,2019-11-21 15:01:50,4.9,1040,43
1885,CA1948,,12:20:00,15:15:00,2019-11-22 14:32:05,3.0,640,42
1927,CA1948,,12:20:00,15:15:00,2019-11-23 14:33:13,3.0,640,41
1967,CA1948,,12:20:00,15:15:00,2019-11-24 14:17:41,3.0,640,40
2043,CA1948,,12:20:00,15:15:00,2019-11-25 14:08:38,4.1,860,39
2072,CA1948,,12:20:00,15:15:00,2019-11-26 13:40:19,4.1,860,38
2135,CA1948,,12:20:00,15:15:00,2019-11-27 15:29:09,4.1,860,37
2176,CA1948,,12:20:00,15:15:00,2019-11-28 14:37:10,4.1,860,36
2219,CA1948,,12:20:00,15:15:00,2019-11-29 14:04:15,4.1,860,35
2300,CA1948,,12:20:00,15:15:00,2019-11-30 13:30:20,4.1,860,34
2353,CA1948,,12:20:00,15:15:00,2019-12-01 13:11:22,4.1,860,33
2382,CA1948,,12:20:00,15:15:00,2019-12-02 13:46:31,3.0,640,32
2457,CA1948,,12:20:00,15:15:00,2019-12-03 13:43:50,3.0,640,31
2508,CA1948,,12:20:00,15:15:00,2019-12-04 13:40:53,3.0,640,30
2560,CA1948,,12:20:00,15:15:00,2019-12-05 13:14:32,3.0,640,29
2588,CA1948,,12:20:00,15:15:00,2019-12-06 14:10:29,3.0,640,28
2636,CA1948,,12:20:00,15:15:00,2019-12-08 14:33:07,3.0,640,26
2688,CA1948,,12:20:00,15:15:00,2019-12-10 14:18:08,2.5,530,24
2740,CA1948,,12:20:00,15:15:00,2019-12-12 13:07:58,2.5,530,22
2781,CA1948,,12:20:00,15:15:00,2019-12-13 14:26:18,2.5,530,21
2844,CA1948,,12:20:00,15:15:00,2019-12-14 15:39:16,2.5,530,20
2896,CA1948,,12:20:00,15:15:00,2019-12-15 13:12:12,2.5,530,19
2948,CA1948,,12:20:00,15:15:00,2019-12-16 13:39:33,2.5,530,18
3001,CA1948,,12:20:00,15:15:00,2019-12-17 14:32:11,3.0,640,17
3052,CA1948,,12:20:00,15:15:00,2019-12-18 15:28:15,3.0,640,16
3104,CA1948,,12:20:00,15:15:00,2019-12-19 13:31:03,3.0,640,15
3156,CA1948,,12:20:00,15:15:00,2019-12-20 12:09:46,2.8,600,14
3208,CA1948,,12:20:00,15:15:00,2019-12-21 17:01:45,2.6,550,13
3260,CA1948,,12:20:00,15:15:00,2019-12-22 15:43:13,2.6,550,12
3312,CA1948,,12:20:00,15:15:00,2019-12-23 13:54:16,2.0,420,11
3364,CA1948,,12:20:00,15:15:00,2019-12-24 14:27:50,1.8,380,10
3416,CA1948,,12:20:00,15:15:00,2019-12-25 14:34:08,1.8,380,9
3441,CA1948,,12:20:00,15:15:00,2019-12-26 14:25:08,1.8,380,8
3520,CA1948,,12:20:00,15:15:00,2019-12-27 11:43:04,1.8,380,7
3547,CA1948,,12:20:00,15:15:00,2019-12-28 15:02:54,3.1,650,6
3624,CA1948,,12:20:00,15:15:00,2019-12-29 13:06:14,3.1,650,5
3676,CA1948,,12:20:00,15:15:00,2019-12-31 15:23:33,3.1,650,3
3728,CA1948,,12:20:00,15:15:00,2020-01-02 13:09:44,3.1,650,1
3776,CA1948,,12:20:00,15:15:00,2020-01-03 15:19:21,3.1,650,0
1750,CA1950,,21:00:00,23:55:00,2019-11-19 14:44:54,4.9,1040,45
1795,CA1950,,21:00:00,23:55:00,2019-11-20 15:05:06,4.9,1040,44
1846,CA1950,,21:00:00,23:55:00,2019-11-21 15:01:50,4.9,1040,43
1899,CA1950,,21:00:00,23:55:00,2019-11-22 14:32:05,2.4,500,42
1913,CA1950,,21:00:00,23:55:00,2019-11-23 14:33:13,2.4,500,41
1954,CA1950,,21:00:00,23:55:00,2019-11-24 14:17:41,2.4,500,40
2028,CA1950,,21:00:00,23:55:00,2019-11-25 14:08:38,2.4,500,39
2058,CA1950,,21:00:00,23:55:00,2019-11-26 13:40:19,2.4,500,38
2121,CA1950,,21:00:00,23:55:00,2019-11-27 15:29:09,2.4,500,37
2162,CA1950,,21:00:00,23:55:00,2019-11-28 14:37:10,2.4,500,36
2235,CA1950,,21:00:00,23:55:00,2019-11-29 14:04:15,2.4,500,35
2314,CA1950,,21:00:00,23:55:00,2019-11-30 13:30:20,2.4,500,34
2367,CA1950,,21:00:00,23:55:00,2019-12-01 13:11:22,2.4,500,33
2395,CA1950,,21:00:00,23:55:00,2019-12-02 13:46:31,2.4,500,32
2470,CA1950,,21:00:00,23:55:00,2019-12-03 13:43:50,2.4,500,31
2522,CA1950,,21:00:00,23:55:00,2019-12-04 13:40:53,2.4,500,30
2574,CA1950,,21:00:00,23:55:00,2019-12-05 13:14:32,2.4,500,29
2598,CA1950,,21:00:00,23:55:00,2019-12-06 14:10:29,2.4,500,28
2650,CA1950,,21:00:00,23:55:00,2019-12-08 14:33:07,2.4,500,26
2702,CA1950,,21:00:00,23:55:00,2019-12-10 14:18:08,2.4,500,24
2754,CA1950,,21:00:00,23:55:00,2019-12-12 13:07:58,2.4,500,22
2805,CA1950,,21:00:00,23:55:00,2019-12-13 14:26:18,2.4,500,21
2858,CA1950,,21:00:00,23:55:00,2019-12-14 15:39:16,2.4,500,20
2910,CA1950,,21:00:00,23:55:00,2019-12-15 13:12:12,2.4,500,19
2962,CA1950,,21:00:00,23:55:00,2019-12-16 13:39:33,2.4,500,18
3014,CA1950,,21:00:00,23:55:00,2019-12-17 14:32:11,2.4,500,17
3066,CA1950,,21:00:00,23:55:00,2019-12-18 15:28:15,2.2,468,16
3118,CA1950,,21:00:00,23:55:00,2019-12-19 13:31:03,2.2,460,15
3170,CA1950,,21:00:00,23:55:00,2019-12-20 12:09:46,1.8,390,14
3222,CA1950,,21:00:00,23:55:00,2019-12-21 17:01:45,1.8,390,13
3274,CA1950,,21:00:00,23:55:00,2019-12-22 15:43:13,1.8,390,12
3326,CA1950,,21:00:00,23:55:00,2019-12-23 13:54:16,1.8,390,11
3378,CA1950,,21:00:00,23:55:00,2019-12-24 14:27:50,1.7,350,10
3430,CA1950,,21:00:00,23:55:00,2019-12-25 14:34:08,1.6,330,9
3455,CA1950,,21:00:00,23:55:00,2019-12-26 14:25:08,1.6,330,8
3534,CA1950,,21:00:00,23:55:00,2019-12-27 11:43:04,1.6,330,7
3561,CA1950,,21:00:00,23:55:00,2019-12-28 15:02:54,2.8,600,6
3638,CA1950,,21:00:00,23:55:00,2019-12-29 13:06:14,2.8,600,5
3690,CA1950,,21:00:00,23:55:00,2019-12-31 15:23:33,2.8,600,3
3742,CA1950,,21:00:00,23:55:00,2020-01-02 13:09:44,2.8,600,1
3780,CA1950,,21:00:00,23:55:00,2020-01-03 15:19:21,2.8,600,0
3795,CA1950,,21:00:00,23:55:00,2020-01-04 15:12:13,1.4,305,0
1708,CA4503,,08:05:00,10:45:00,2019-11-19 14:44:54,4.9,1040,45
1760,CA4503,,08:05:00,10:45:00,2019-11-20 15:05:06,4.9,1040,44
1804,CA4503,,08:05:00,10:45:00,2019-11-21 15:01:50,4.9,1040,43
1856,CA4503,,08:05:00,10:45:00,2019-11-22 14:32:05,2.5,530,42
1909,CA4503,,08:05:00,10:45:00,2019-11-23 14:33:13,2.5,530,41
1994,CA4503,,08:05:00,10:45:00,2019-11-24 14:17:41,2.5,530,40
2007,CA4503,,08:05:00,10:45:00,2019-11-25 14:08:38,2.5,530,39
2099,CA4503,,08:05:00,10:45:00,2019-11-26 13:40:19,2.5,530,38
2117,CA4503,,08:05:00,10:45:00,2019-11-27 15:29:09,2.5,530,37
2204,CA4503,,08:00:00,10:45:00,2019-11-28 14:37:10,2.5,530,36
2258,CA4503,,08:00:00,10:45:00,2019-11-29 14:04:15,2.5,530,35
2272,CA4503,,08:00:00,10:45:00,2019-11-30 13:30:20,2.3,490,34
2325,CA4503,,08:00:00,10:45:00,2019-12-01 13:11:22,2.3,490,33
2410,CA4503,,08:00:00,10:45:00,2019-12-02 13:46:31,2.3,490,32
2429,CA4503,,08:00:00,10:45:00,2019-12-03 13:43:50,2.3,490,31
2480,CA4503,,08:00:00,10:45:00,2019-12-04 13:40:53,2.3,490,30
2532,CA4503,,08:00:00,10:45:00,2019-12-05 13:14:32,2.3,490,29
2584,CA4503,,08:00:00,10:45:00,2019-12-06 14:10:29,2.3,490,28
2608,CA4503,,08:00:00,10:45:00,2019-12-08 14:33:07,2.3,490,26
2660,CA4503,,08:00:00,10:45:00,2019-12-10 14:18:08,2.3,490,24
2712,CA4503,,08:00:00,10:45:00,2019-12-12 13:07:58,2.3,490,22
2773,CA4503,,08:00:00,10:45:00,2019-12-13 14:26:18,2.3,490,21
2816,CA4503,,08:00:00,10:45:00,2019-12-14 15:39:16,2.8,600,20
2868,CA4503,,08:00:00,10:45:00,2019-12-15 13:12:12,2.8,600,19
2920,CA4503,,08:00:00,10:45:00,2019-12-16 13:39:33,2.3,490,18
2973,CA4503,,08:00:00,10:45:00,2019-12-17 14:32:11,2.3,490,17
3024,CA4503,,08:00:00,10:45:00,2019-12-18 15:28:15,2.2,468,16
3076,CA4503,,08:00:00,10:45:00,2019-12-19 13:31:03,2.2,460,15
3128,CA4503,,08:00:00,10:45:00,2019-12-20 12:09:46,1.8,390,14
3180,CA4503,,08:00:00,10:45:00,2019-12-21 17:01:45,1.8,390,13
3232,CA4503,,08:00:00,10:45:00,2019-12-22 15:43:13,1.8,390,12
3284,CA4503,,08:00:00,10:45:00,2019-12-23 13:54:16,1.8,390,11
3336,CA4503,,08:00:00,10:45:00,2019-12-24 14:27:50,1.7,350,10
3388,CA4503,,08:00:00,10:45:00,2019-12-25 14:34:08,1.7,350,9
3482,CA4503,,08:00:00,10:45:00,2019-12-26 14:25:08,1.7,350,8
3492,CA4503,,08:00:00,10:45:00,2019-12-27 11:43:04,1.7,350,7
3569,CA4503,,08:00:00,10:45:00,2019-12-28 15:02:54,2.8,600,6
3597,CA4503,,08:00:00,10:45:00,2019-12-29 13:06:14,2.8,600,5
3647,CA4503,,08:00:00,10:45:00,2019-12-31 15:23:33,2.8,600,3
3701,CA4503,,08:00:00,10:45:00,2020-01-02 13:09:44,2.8,600,1
3752,CA4503,,08:00:00,10:45:00,2020-01-03 15:19:21,2.8,600,0
1738,CA4513,,10:20:00,13:15:00,2019-11-19 14:44:54,4.9,1040,45
1783,CA4513,,10:20:00,13:15:00,2019-11-20 15:05:06,4.9,1040,44
1834,CA4513,,10:20:00,13:15:00,2019-11-21 15:01:50,4.9,1040,43
1887,CA4513,,10:20:00,13:15:00,2019-11-22 14:32:05,4.9,1040,42
1925,CA4513,,10:20:00,13:15:00,2019-11-23 14:33:13,4.9,1040,41
1966,CA4513,,10:20:00,13:15:00,2019-11-24 14:17:41,4.9,1040,40
2041,CA4513,,10:20:00,13:15:00,2019-11-25 14:08:38,4.9,1040,39
2070,CA4513,,10:20:00,13:15:00,2019-11-26 13:40:19,4.9,1040,38
2133,CA4513,,10:20:00,13:15:00,2019-11-27 15:29:09,4.9,1040,37
2174,CA4513,,10:20:00,13:15:00,2019-11-28 14:37:10,4.9,1040,36
2221,CA4513,,10:20:00,13:15:00,2019-11-29 14:04:15,4.6,970,35
2302,CA4513,,10:20:00,13:15:00,2019-11-30 13:30:20,4.6,970,34
2355,CA4513,,10:20:00,13:15:00,2019-12-01 13:11:22,4.6,970,33
2380,CA4513,,10:20:00,13:15:00,2019-12-02 13:46:31,4.6,970,32
2459,CA4513,,10:20:00,13:15:00,2019-12-03 13:43:50,2.9,620,31
2510,CA4513,,10:20:00,13:15:00,2019-12-04 13:40:53,2.9,620,30
2562,CA4513,,10:20:00,13:15:00,2019-12-05 13:14:32,2.9,620,29
2591,CA4513,,10:20:00,13:15:00,2019-12-06 14:10:29,2.5,530,28
2638,CA4513,,10:20:00,13:15:00,2019-12-08 14:33:07,2.5,530,26
2690,CA4513,,10:20:00,13:15:00,2019-12-10 14:18:08,2.5,530,24
2742,CA4513,,10:20:00,13:15:00,2019-12-12 13:07:58,2.5,530,22
2787,CA4513,,10:20:00,13:15:00,2019-12-13 14:26:18,2.5,530,21
2846,CA4513,,10:20:00,13:15:00,2019-12-14 15:39:16,2.5,530,20
2898,CA4513,,10:20:00,13:15:00,2019-12-15 13:12:12,2.5,530,19
2950,CA4513,,10:20:00,13:15:00,2019-12-16 13:39:33,2.5,530,18
3003,CA4513,,10:20:00,13:15:00,2019-12-17 14:32:11,2.5,530,17
3054,CA4513,,10:20:00,13:15:00,2019-12-18 15:28:15,2.5,530,16
3106,CA4513,,10:20:00,13:15:00,2019-12-19 13:31:03,2.5,530,15
3158,CA4513,,10:20:00,13:15:00,2019-12-20 12:09:46,2.8,600,14
3210,CA4513,,10:20:00,13:15:00,2019-12-21 17:01:45,2.4,510,13
3262,CA4513,,10:20:00,13:15:00,2019-12-22 15:43:13,2.4,510,12
3314,CA4513,,10:20:00,13:15:00,2019-12-23 13:54:16,2.0,420,11
3366,CA4513,,10:20:00,13:15:00,2019-12-24 14:27:50,1.8,380,10
3418,CA4513,,10:20:00,13:15:00,2019-12-25 14:34:08,1.8,380,9
3443,CA4513,,10:20:00,13:15:00,2019-12-26 14:25:08,1.8,380,8
3522,CA4513,,10:20:00,13:15:00,2019-12-27 11:43:04,1.8,380,7
3549,CA4513,,10:20:00,13:15:00,2019-12-28 15:02:54,3.1,650,6
3626,CA4513,,10:20:00,13:15:00,2019-12-29 13:06:14,3.1,650,5
3678,CA4513,,10:20:00,13:15:00,2019-12-31 15:23:33,3.1,650,3
3730,CA4513,,10:20:00,13:15:00,2020-01-02 13:09:44,3.1,650,1
3778,CA4513,,10:20:00,13:15:00,2020-01-03 15:19:21,3.1,650,0
1726,CA4535,,17:25:00,20:15:00,2019-11-19 14:44:54,4.9,1040,45
1752,CA4535,,17:25:00,20:15:00,2019-11-20 15:05:06,4.9,1040,44
1822,CA4535,,17:25:00,20:15:00,2019-11-21 15:01:50,4.9,1040,43
1875,CA4535,,17:25:00,20:15:00,2019-11-22 14:32:05,4.9,1040,42
1937,CA4535,,17:25:00,20:15:00,2019-11-23 14:33:13,4.9,1040,41
1977,CA4535,,17:25:00,20:15:00,2019-11-24 14:17:41,4.9,1040,40
2053,CA4535,,17:25:00,20:15:00,2019-11-25 14:08:38,4.9,1040,39
2082,CA4535,,17:25:00,20:15:00,2019-11-26 13:40:19,4.9,1040,38
2145,CA4535,,17:25:00,20:15:00,2019-11-27 15:29:09,4.9,1040,37
2186,CA4535,,17:25:00,20:15:00,2019-11-28 14:37:10,4.9,1040,36
2238,CA4535,,17:25:00,20:15:00,2019-11-29 14:04:15,4.6,970,35
2290,CA4535,,17:25:00,20:15:00,2019-11-30 13:30:20,4.6,970,34
2343,CA4535,,17:25:00,20:15:00,2019-12-01 13:11:22,4.6,970,33
2392,CA4535,,17:25:00,20:15:00,2019-12-02 13:46:31,4.6,970,32
2447,CA4535,,17:25:00,20:15:00,2019-12-03 13:43:50,2.9,620,31
2498,CA4535,,17:25:00,20:15:00,2019-12-04 13:40:53,2.9,620,30
2550,CA4535,,17:25:00,20:15:00,2019-12-05 13:14:32,2.9,620,29
2577,CA4535,,17:25:00,20:15:00,2019-12-06 14:10:29,2.5,540,28
2626,CA4535,,17:25:00,20:15:00,2019-12-08 14:33:07,2.5,540,26
2678,CA4535,,17:25:00,20:15:00,2019-12-10 14:18:08,2.5,540,24
2730,CA4535,,17:25:00,20:15:00,2019-12-12 13:07:58,2.9,620,22
2760,CA4535,,17:25:00,20:15:00,2019-12-13 14:26:18,2.5,540,21
2834,CA4535,,17:25:00,20:15:00,2019-12-14 15:39:16,2.5,540,20
2886,CA4535,,17:25:00,20:15:00,2019-12-15 13:12:12,2.5,540,19
2938,CA4535,,17:25:00,20:15:00,2019-12-16 13:39:33,2.5,540,18
2991,CA4535,,17:25:00,20:15:00,2019-12-17 14:32:11,2.5,540,17
3042,CA4535,,17:25:00,20:15:00,2019-12-18 15:28:15,2.5,520,16
3094,CA4535,,17:25:00,20:15:00,2019-12-19 13:31:03,2.5,520,15
3146,CA4535,,17:25:00,20:15:00,2019-12-20 12:09:46,2.8,600,14
3198,CA4535,,17:25:00,20:15:00,2019-12-21 17:01:45,2.6,550,13
3250,CA4535,,17:25:00,20:15:00,2019-12-22 15:43:13,2.6,550,12
3302,CA4535,,17:25:00,20:15:00,2019-12-23 13:54:16,2.0,420,11
3354,CA4535,,17:25:00,20:15:00,2019-12-24 14:27:50,1.8,380,10
3406,CA4535,,17:25:00,20:15:00,2019-12-25 14:34:08,1.8,380,9
3463,CA4535,,17:25:00,20:15:00,2019-12-26 14:25:08,1.8,380,8
3510,CA4535,,17:25:00,20:15:00,2019-12-27 11:43:04,1.8,380,7
3587,CA4535,,17:25:00,20:15:00,2019-12-28 15:02:54,3.1,650,6
3614,CA4535,,17:25:00,20:15:00,2019-12-29 13:06:14,3.1,650,5
3666,CA4535,,17:25:00,20:15:00,2019-12-31 15:23:33,3.1,650,3
3718,CA4535,,17:25:00,20:15:00,2020-01-02 13:09:44,3.1,650,1
3766,CA4535,,17:25:00,20:15:00,2020-01-03 15:19:21,3.1,650,0
3804,CA4535,,17:25:00,20:15:00,2020-01-04 15:12:13,1.6,330,0
1706,CA4591,,19:10:00,22:10:00,2019-11-19 14:44:54,4.9,1040,45
1759,CA4591,,19:10:00,22:10:00,2019-11-20 15:05:06,4.9,1040,44
1802,CA4591,,19:10:00,22:10:00,2019-11-21 15:01:50,4.9,1040,43
1854,CA4591,,19:10:00,22:10:00,2019-11-22 14:32:05,4.1,860,42
1907,CA4591,,19:10:00,22:10:00,2019-11-23 14:33:13,4.1,860,41
2003,CA4591,,19:10:00,22:10:00,2019-11-24 14:17:41,4.1,860,40
2009,CA4591,,19:10:00,22:10:00,2019-11-25 14:08:38,4.1,860,39
2101,CA4591,,19:10:00,22:10:00,2019-11-26 13:40:19,4.1,860,38
2115,CA4591,,19:10:00,22:10:00,2019-11-27 15:29:09,4.1,860,37
2206,CA4591,,19:10:00,22:10:00,2019-11-28 14:37:10,4.1,860,36
2260,CA4591,,19:10:00,22:10:00,2019-11-29 14:04:15,4.1,860,35
2270,CA4591,,19:10:00,22:10:00,2019-11-30 13:30:20,4.1,860,34
2323,CA4591,,19:10:00,22:10:00,2019-12-01 13:11:22,4.1,860,33
2408,CA4591,,19:10:00,22:10:00,2019-12-02 13:46:31,4.1,860,32
2427,CA4591,,19:10:00,22:10:00,2019-12-03 13:43:50,4.0,850,31
2478,CA4591,,19:10:00,22:10:00,2019-12-04 13:40:53,4.0,850,30
2530,CA4591,,19:10:00,22:10:00,2019-12-05 13:14:32,4.0,850,29
2583,CA4591,,19:10:00,22:10:00,2019-12-06 14:10:29,3.0,640,28
2606,CA4591,,19:10:00,22:10:00,2019-12-08 14:33:07,3.0,640,26
2658,CA4591,,19:10:00,22:10:00,2019-12-10 14:18:08,3.0,640,24
2710,CA4591,,19:10:00,22:10:00,2019-12-12 13:07:58,3.0,640,22
2771,CA4591,,19:10:00,22:10:00,2019-12-13 14:26:18,3.0,640,21
2814,CA4591,,19:10:00,22:10:00,2019-12-14 15:39:16,3.0,640,20
2866,CA4591,,19:10:00,22:10:00,2019-12-15 13:12:12,3.0,640,19
2918,CA4591,,19:10:00,22:10:00,2019-12-16 13:39:33,3.0,640,18
2971,CA4591,,19:10:00,22:10:00,2019-12-17 14:32:11,3.0,640,17
3022,CA4591,,19:10:00,22:10:00,2019-12-18 15:28:15,3.0,640,16
3074,CA4591,,19:10:00,22:10:00,2019-12-19 13:31:03,3.0,640,15
3126,CA4591,,19:10:00,22:10:00,2019-12-20 12:09:46,2.8,600,14
3178,CA4591,,19:10:00,22:10:00,2019-12-21 17:01:45,2.6,550,13
3230,CA4591,,19:10:00,22:10:00,2019-12-22 15:43:13,2.6,550,12
3282,CA4591,,19:10:00,22:10:00,2019-12-23 13:54:16,2.4,510,11
3334,CA4591,,19:10:00,22:10:00,2019-12-24 14:27:50,1.8,380,10
3386,CA4591,,19:10:00,22:10:00,2019-12-25 14:34:08,1.8,380,9
3432,CA4591,,19:10:00,22:10:00,2019-12-26 14:25:08,1.8,380,8
3490,CA4591,,19:10:00,22:10:00,2019-12-27 11:43:04,1.8,380,7
3567,CA4591,,19:10:00,22:10:00,2019-12-28 15:02:54,3.1,650,6
3595,CA4591,,19:10:00,22:10:00,2019-12-29 13:06:14,3.1,650,5
3645,CA4591,,19:10:00,22:10:00,2019-12-31 15:23:33,3.1,650,3
3699,CA4591,,19:10:00,22:10:00,2020-01-02 13:09:44,3.1,650,1
3750,CA4591,,19:10:00,22:10:00,2020-01-03 15:19:21,3.1,650,0
3807,CA4591,,19:10:00,22:10:00,2020-01-04 15:12:13,1.7,350,0
1733,CZ3350,,12:50:00,15:45:00,2019-11-19 14:44:54,4.9,950,45
1778,CZ3350,,12:50:00,15:45:00,2019-11-20 15:05:06,3.0,574,44
1829,CZ3350,,12:50:00,15:45:00,2019-11-21 15:01:50,2.5,488,43
1882,CZ3350,,12:50:00,15:45:00,2019-11-22 14:32:05,3.0,580,42
1930,CZ3350,,12:50:00,15:45:00,2019-11-23 14:33:13,3.5,680,41
1970,CZ3350,,12:50:00,15:45:00,2019-11-24 14:17:41,3.5,680,40
2046,CZ3350,,12:50:00,15:45:00,2019-11-25 14:08:38,3.0,575,39
2075,CZ3350,,12:50:00,15:45:00,2019-11-26 13:40:19,3.0,580,38
2138,CZ3350,,12:50:00,15:45:00,2019-11-27 15:29:09,3.0,580,37
2179,CZ3350,,12:50:00,15:45:00,2019-11-28 14:37:10,3.0,575,36
2216,CZ3350,,12:50:00,15:45:00,2019-11-29 14:04:15,3.0,580,35
2297,CZ3350,,12:50:00,15:45:00,2019-11-30 13:30:20,3.0,575,34
2350,CZ3350,,12:50:00,15:45:00,2019-12-01 13:11:22,3.0,580,33
2385,CZ3350,,12:50:00,15:45:00,2019-12-02 13:46:31,3.0,580,32
2454,CZ3350,,12:50:00,15:45:00,2019-12-03 13:43:50,3.0,580,31
2505,CZ3350,,12:50:00,15:45:00,2019-12-04 13:40:53,3.0,575,30
2557,CZ3350,,12:50:00,15:45:00,2019-12-05 13:14:32,3.0,580,29
2585,CZ3350,,12:50:00,15:45:00,2019-12-06 14:10:29,3.0,580,28
2633,CZ3350,,12:50:00,15:45:00,2019-12-08 14:33:07,3.0,580,26
2685,CZ3350,,12:50:00,15:45:00,2019-12-10 14:18:08,3.0,580,24
2737,CZ3350,,12:50:00,15:45:00,2019-12-12 13:07:58,3.0,580,22
2774,CZ3350,,12:50:00,15:45:00,2019-12-13 14:26:18,3.0,580,21
2841,CZ3350,,12:50:00,15:45:00,2019-12-14 15:39:16,3.0,580,20
2893,CZ3350,,12:50:00,15:45:00,2019-12-15 13:12:12,3.0,570,19
2945,CZ3350,,12:50:00,15:45:00,2019-12-16 13:39:33,3.0,580,18
2998,CZ3350,,12:50:00,15:45:00,2019-12-17 14:32:11,3.0,580,17
3049,CZ3350,,12:50:00,15:45:00,2019-12-18 15:28:15,3.0,580,16
3101,CZ3350,,12:50:00,15:45:00,2019-12-19 13:31:03,3.0,580,15
3153,CZ3350,,12:50:00,15:45:00,2019-12-20 12:09:46,2.4,470,14
3205,CZ3350,,12:50:00,15:45:00,2019-12-21 17:01:45,2.5,480,13
3257,CZ3350,,12:50:00,15:45:00,2019-12-22 15:43:13,2.5,480,12
3309,CZ3350,,12:50:00,15:45:00,2019-12-23 13:54:16,2.5,480,11
3361,CZ3350,,12:50:00,15:45:00,2019-12-24 14:27:50,2.5,480,10
3413,CZ3350,,12:50:00,15:45:00,2019-12-25 14:34:08,1.9,370,9
3438,CZ3350,,12:50:00,15:45:00,2019-12-26 14:25:08,2.0,380,8
3517,CZ3350,,12:50:00,15:45:00,2019-12-27 11:43:04,3.5,680,7
3544,CZ3350,,12:50:00,15:45:00,2019-12-28 15:02:54,2.4,467,6
3621,CZ3350,,12:50:00,15:45:00,2019-12-29 13:06:14,3.4,650,5
3673,CZ3350,,12:50:00,15:45:00,2019-12-31 15:23:33,3.4,650,3
3725,CZ3350,,12:50:00,15:45:00,2020-01-02 13:09:44,3.3,644,1
3773,CZ3350,,12:50:00,15:45:00,2020-01-03 15:19:21,3.4,650,0
1702,CZ3360,,21:05:00,23:55:00,2019-11-19 14:44:54,4.9,950,45
1755,CZ3360,,21:05:00,23:55:00,2019-11-20 15:05:06,2.5,480,44
1798,CZ3360,,21:05:00,23:55:00,2019-11-21 15:01:50,2.5,485,43
1850,CZ3360,,21:05:00,23:55:00,2019-11-22 14:32:05,2.5,488,42
1904,CZ3360,,21:05:00,23:55:00,2019-11-23 14:33:13,2.5,486,41
1999,CZ3360,,21:05:00,23:55:00,2019-11-24 14:17:41,2.5,484,40
2013,CZ3360,,21:05:00,23:55:00,2019-11-25 14:08:38,2.5,492,39
2105,CZ3360,,21:05:00,23:55:00,2019-11-26 13:40:19,2.5,483,38
2111,CZ3360,,21:05:00,23:55:00,2019-11-27 15:29:09,2.5,487,37
2209,CZ3360,,21:05:00,23:55:00,2019-11-28 14:37:10,2.5,483,36
2230,CZ3360,,21:05:00,23:55:00,2019-11-29 14:04:15,2.5,480,35
2266,CZ3360,,21:05:00,23:55:00,2019-11-30 13:30:20,2.5,482,34
2319,CZ3360,,21:05:00,23:55:00,2019-12-01 13:11:22,2.5,489,33
2404,CZ3360,,21:05:00,23:55:00,2019-12-02 13:46:31,2.5,488,32
2423,CZ3360,,21:05:00,23:55:00,2019-12-03 13:43:50,2.5,489,31
2474,CZ3360,,21:05:00,23:55:00,2019-12-04 13:40:53,2.5,480,30
2526,CZ3360,,21:05:00,23:55:00,2019-12-05 13:14:32,2.5,492,29
2580,CZ3360,,21:05:00,23:55:00,2019-12-06 14:10:29,2.5,490,28
2602,CZ3360,,21:05:00,23:55:00,2019-12-08 14:33:07,2.6,493,26
2654,CZ3360,,21:05:00,23:55:00,2019-12-10 14:18:08,2.5,490,24
2706,CZ3360,,21:05:00,23:55:00,2019-12-12 13:07:58,2.5,480,22
2763,CZ3360,,21:05:00,23:55:00,2019-12-13 14:26:18,2.5,480,21
2810,CZ3360,,21:05:00,23:55:00,2019-12-14 15:39:16,2.5,480,20
2862,CZ3360,,21:05:00,23:55:00,2019-12-15 13:12:12,3.0,570,19
2914,CZ3360,,21:05:00,23:55:00,2019-12-16 13:39:33,3.0,580,18
2967,CZ3360,,21:05:00,23:55:00,2019-12-17 14:32:11,3.0,580,17
3018,CZ3360,,21:05:00,23:55:00,2019-12-18 15:28:15,3.0,580,16
3070,CZ3360,,21:05:00,23:55:00,2019-12-19 13:31:03,3.0,580,15
3122,CZ3360,,21:05:00,23:55:00,2019-12-20 12:09:46,3.0,570,14
3174,CZ3360,,21:05:00,23:55:00,2019-12-21 17:01:45,3.0,580,13
3226,CZ3360,,21:05:00,23:55:00,2019-12-22 15:43:13,3.0,580,12
3278,CZ3360,,21:05:00,23:55:00,2019-12-23 13:54:16,2.3,440,11
3330,CZ3360,,21:05:00,23:55:00,2019-12-24 14:27:50,2.3,440,10
3383,CZ3360,,21:05:00,23:55:00,2019-12-25 14:34:08,1.7,320,9
3458,CZ3360,,21:05:00,23:55:00,2019-12-26 14:25:08,1.7,330,8
3486,CZ3360,,21:05:00,23:55:00,2019-12-27 11:43:04,3.0,575,7
3563,CZ3360,,21:05:00,23:55:00,2019-12-28 15:02:54,2.4,469,6
3591,CZ3360,,21:05:00,23:55:00,2019-12-29 13:06:14,3.1,600,5
3641,CZ3360,,21:05:00,23:55:00,2019-12-31 15:23:33,3.1,600,3
3695,CZ3360,,21:05:00,23:55:00,2020-01-02 13:09:44,3.1,594,1
3746,CZ3360,,21:05:00,23:55:00,2020-01-03 15:19:21,3.1,600,0
3802,CZ3360,,21:05:00,23:55:00,2020-01-04 15:12:13,1.7,330,0
1729,CZ9157,MU5416,17:00:00,20:00:00,2019-11-19 14:44:54,3.5,740,45
1775,CZ9157,MU5416,17:00:00,20:00:00,2019-11-20 15:05:06,3.5,735,44
1825,CZ9157,MU5416,17:00:00,20:00:00,2019-11-21 15:01:50,3.5,740,43
1878,CZ9157,MU5416,17:00:00,20:00:00,2019-11-22 14:32:05,3.5,740,42
1934,CZ9157,MU5416,17:00:00,20:00:00,2019-11-23 14:33:13,3.5,740,41
1974,CZ9157,MU5416,17:00:00,20:00:00,2019-11-24 14:17:41,3.5,735,40
2050,CZ9157,MU5416,17:00:00,20:00:00,2019-11-25 14:08:38,3.5,735,39
2079,CZ9157,MU5416,17:00:00,20:00:00,2019-11-26 13:40:19,3.5,740,38
2142,CZ9157,MU5416,17:00:00,20:00:00,2019-11-27 15:29:09,3.5,740,37
2183,CZ9157,MU5416,17:00:00,20:00:00,2019-11-28 14:37:10,3.5,735,36
2212,CZ9157,MU5416,17:00:00,20:00:00,2019-11-29 14:04:15,3.5,740,35
2293,CZ9157,MU5416,17:00:00,20:00:00,2019-11-30 13:30:20,3.5,735,34
2346,CZ9157,MU5416,17:00:00,20:00:00,2019-12-01 13:11:22,3.5,740,33
2389,CZ9157,MU5416,17:00:00,20:00:00,2019-12-02 13:46:31,3.5,740,32
2450,CZ9157,MU5416,17:00:00,20:00:00,2019-12-03 13:43:50,3.5,740,31
2501,CZ9157,MU5416,17:00:00,20:00:00,2019-12-04 13:40:53,3.5,735,30
2553,CZ9157,MU5416,17:00:00,20:00:00,2019-12-05 13:14:32,3.5,740,29
2581,CZ9157,MU5416,17:00:00,20:00:00,2019-12-06 14:10:29,5.8,1240,28
2629,CZ9157,MU5416,17:00:00,20:00:00,2019-12-08 14:33:07,5.8,1240,26
2681,CZ9157,MU5416,17:00:00,20:00:00,2019-12-10 14:18:08,5.8,1240,24
2733,CZ9157,MU5416,17:00:00,20:00:00,2019-12-12 13:07:58,5.5,1280,22
2764,CZ9157,MU5416,17:00:00,20:00:00,2019-12-13 14:26:18,5.5,1280,21
2837,CZ9157,MU5416,17:00:00,20:00:00,2019-12-14 15:39:16,5.5,1280,20
2889,CZ9157,MU5416,17:00:00,20:00:00,2019-12-15 13:12:12,2.9,665,19
2941,CZ9157,MU5416,17:00:00,20:00:00,2019-12-16 13:39:33,5.5,1280,18
2994,CZ9157,MU5416,17:00:00,20:00:00,2019-12-17 14:32:11,5.5,1280,17
3045,CZ9157,MU5416,17:00:00,20:00:00,2019-12-18 15:28:15,5.5,1280,16
3097,CZ9157,MU5416,17:00:00,20:00:00,2019-12-19 13:31:03,5.5,1280,15
3149,CZ9157,MU5416,17:00:00,20:00:00,2019-12-20 12:09:46,1.7,405,14
3201,CZ9157,MU5416,17:00:00,20:00:00,2019-12-21 17:01:45,5.5,1280,13
3253,CZ9157,MU5416,17:00:00,20:00:00,2019-12-22 15:43:13,5.5,1280,12
3305,CZ9157,MU5416,17:00:00,20:00:00,2019-12-23 13:54:16,5.5,1280,11
3357,CZ9157,MU5416,17:00:00,20:00:00,2019-12-24 14:27:50,5.5,1280,10
3409,CZ9157,MU5416,17:00:00,20:00:00,2019-12-25 14:34:08,5.5,1270,9
3460,CZ9157,MU5416,17:00:00,20:00:00,2019-12-26 14:25:08,5.5,1280,8
3513,CZ9157,MU5416,17:00:00,20:00:00,2019-12-27 11:43:04,5.5,1280,7
3540,CZ9157,MU5416,17:15:00,20:00:00,2019-12-28 15:02:54,2.8,645,6
3617,CZ9157,MU5416,17:15:00,20:00:00,2019-12-29 13:06:14,5.5,1280,5
3669,CZ9157,MU5416,17:15:00,20:00:00,2019-12-31 15:23:33,5.5,1280,3
3721,CZ9157,MU5416,17:15:00,20:00:00,2020-01-02 13:09:44,2.8,645,1
3769,CZ9157,MU5416,17:15:00,20:00:00,2020-01-03 15:19:21,5.5,1280,0
3801,CZ9157,MU5416,17:15:00,20:00:00,2020-01-04 15:12:13,5.5,1280,0
1739,CZ9158,MU5402,06:30:00,09:20:00,2019-11-19 14:44:54,2.5,540,45
1784,CZ9158,MU5402,06:30:00,09:20:00,2019-11-20 15:05:06,2.5,525,44
1835,CZ9158,MU5402,06:30:00,09:20:00,2019-11-21 15:01:50,2.5,530,43
1888,CZ9158,MU5402,06:30:00,09:20:00,2019-11-22 14:32:05,2.5,530,42
1924,CZ9158,MU5402,06:30:00,09:20:00,2019-11-23 14:33:13,2.5,530,41
1965,CZ9158,MU5402,06:30:00,09:20:00,2019-11-24 14:17:41,2.5,525,40
2040,CZ9158,MU5402,06:30:00,09:20:00,2019-11-25 14:08:38,2.5,525,39
2069,CZ9158,MU5402,06:30:00,09:20:00,2019-11-26 13:40:19,2.5,530,38
2132,CZ9158,MU5402,06:30:00,09:20:00,2019-11-27 15:29:09,2.5,530,37
2173,CZ9158,MU5402,06:30:00,09:20:00,2019-11-28 14:37:10,2.5,525,36
2222,CZ9158,MU5402,06:30:00,09:20:00,2019-11-29 14:04:15,2.5,530,35
2303,CZ9158,MU5402,06:30:00,09:20:00,2019-11-30 13:30:20,2.5,525,34
2356,CZ9158,MU5402,06:30:00,09:20:00,2019-12-01 13:11:22,2.5,530,33
2379,CZ9158,MU5402,06:30:00,09:20:00,2019-12-02 13:46:31,2.8,600,32
2460,CZ9158,MU5402,06:30:00,09:20:00,2019-12-03 13:43:50,2.8,600,31
2511,CZ9158,MU5402,06:30:00,09:15:00,2019-12-04 13:40:53,2.8,595,30
2563,CZ9158,MU5402,06:30:00,09:15:00,2019-12-05 13:14:32,2.6,550,29
2592,CZ9158,MU5402,06:30:00,09:15:00,2019-12-06 14:10:29,5.8,1240,28
2639,CZ9158,MU5402,06:30:00,09:15:00,2019-12-08 14:33:07,5.8,1240,26
2691,CZ9158,MU5402,06:30:00,09:15:00,2019-12-10 14:18:08,5.8,1240,24
2743,CZ9158,MU5402,06:30:00,09:15:00,2019-12-12 13:07:58,5.5,1280,22
2788,CZ9158,MU5402,06:30:00,09:15:00,2019-12-13 14:26:18,5.5,1280,21
2847,CZ9158,MU5402,06:30:00,09:15:00,2019-12-14 15:39:16,5.5,1280,20
2899,CZ9158,MU5402,06:30:00,09:15:00,2019-12-15 13:12:12,2.0,465,19
2951,CZ9158,MU5402,06:30:00,09:15:00,2019-12-16 13:39:33,5.5,1280,18
3004,CZ9158,MU5402,06:30:00,09:15:00,2019-12-17 14:32:11,5.5,1280,17
3055,CZ9158,MU5402,06:30:00,09:15:00,2019-12-18 15:28:15,5.5,1280,16
3107,CZ9158,MU5402,06:30:00,09:15:00,2019-12-19 13:31:03,5.5,1280,15
3159,CZ9158,MU5402,06:30:00,09:15:00,2019-12-20 12:09:46,1.6,376,14
3211,CZ9158,MU5402,06:30:00,09:15:00,2019-12-21 17:01:45,5.5,1280,13
3263,CZ9158,MU5402,06:30:00,09:15:00,2019-12-22 15:43:13,5.5,1280,12
3315,CZ9158,MU5402,06:30:00,09:15:00,2019-12-23 13:54:16,5.5,1280,11
3367,CZ9158,MU5402,06:30:00,09:15:00,2019-12-24 14:27:50,5.5,1280,10
3419,CZ9158,MU5402,06:30:00,09:15:00,2019-12-25 14:34:08,5.5,1270,9
3444,CZ9158,MU5402,06:30:00,09:15:00,2019-12-26 14:25:08,5.5,1280,8
3523,CZ9158,MU5402,06:30:00,09:15:00,2019-12-27 11:43:04,5.5,1280,7
3550,CZ9158,MU5402,06:30:00,09:15:00,2019-12-28 15:02:54,2.6,595,6
3627,CZ9158,MU5402,06:30:00,09:15:00,2019-12-29 13:06:14,5.5,1280,5
3679,CZ9158,MU5402,06:30:00,09:15:00,2019-12-31 15:23:33,5.5,1280,3
3731,CZ9158,MU5402,06:30:00,09:15:00,2020-01-02 13:09:44,2.6,595,1
3761,CZ9158,MU5402,06:30:00,09:15:00,2020-01-03 15:19:21,5.5,1280,0
1742,CZ9159,MU5296,07:40:00,10:30:00,2019-11-19 14:44:54,2.6,544,45
1787,CZ9159,MU5296,07:40:00,10:30:00,2019-11-20 15:05:06,2.5,525,44
1838,CZ9159,MU5296,07:40:00,10:30:00,2019-11-21 15:01:50,2.5,530,43
1891,CZ9159,MU5296,07:40:00,10:30:00,2019-11-22 14:32:05,2.5,530,42
1921,CZ9159,MU5296,07:40:00,10:30:00,2019-11-23 14:33:13,2.5,530,41
1962,CZ9159,MU5296,07:40:00,10:30:00,2019-11-24 14:17:41,2.5,525,40
2037,CZ9159,MU5296,07:40:00,10:30:00,2019-11-25 14:08:38,2.5,525,39
2066,CZ9159,MU5296,07:40:00,10:30:00,2019-11-26 13:40:19,2.5,530,38
2129,CZ9159,MU5296,07:40:00,10:30:00,2019-11-27 15:29:09,2.5,530,37
2170,CZ9159,MU5296,07:40:00,10:30:00,2019-11-28 14:37:10,2.5,525,36
2225,CZ9159,MU5296,07:40:00,10:30:00,2019-11-29 14:04:15,2.5,530,35
2306,CZ9159,MU5296,07:40:00,10:30:00,2019-11-30 13:30:20,2.5,525,34
2359,CZ9159,MU5296,07:40:00,10:30:00,2019-12-01 13:11:22,2.5,530,33
2376,CZ9159,MU5296,07:40:00,10:30:00,2019-12-02 13:46:31,2.8,600,32
2463,CZ9159,MU5296,07:40:00,10:30:00,2019-12-03 13:43:50,2.8,600,31
2514,CZ9159,MU5296,07:40:00,10:30:00,2019-12-04 13:40:53,2.8,595,30
2566,CZ9159,MU5296,07:40:00,10:30:00,2019-12-05 13:14:32,2.6,550,29
2593,CZ9159,MU5296,07:40:00,10:30:00,2019-12-06 14:10:29,5.8,1240,28
2642,CZ9159,MU5296,07:40:00,10:30:00,2019-12-08 14:33:07,5.8,1240,26
2694,CZ9159,MU5296,07:40:00,10:30:00,2019-12-10 14:18:08,5.8,1240,24
2746,CZ9159,MU5296,07:40:00,10:30:00,2019-12-12 13:07:58,5.5,1280,22
2792,CZ9159,MU5296,07:40:00,10:30:00,2019-12-13 14:26:18,5.5,1280,21
2850,CZ9159,MU5296,07:40:00,10:30:00,2019-12-14 15:39:16,5.5,1280,20
2902,CZ9159,MU5296,07:40:00,10:30:00,2019-12-15 13:12:12,2.1,485,19
2954,CZ9159,MU5296,07:40:00,10:30:00,2019-12-16 13:39:33,5.5,1280,18
3007,CZ9159,MU5296,07:40:00,10:30:00,2019-12-17 14:32:11,5.5,1280,17
3058,CZ9159,MU5296,07:40:00,10:30:00,2019-12-18 15:28:15,5.5,1280,16
3110,CZ9159,MU5296,07:40:00,10:30:00,2019-12-19 13:31:03,5.5,1280,15
3162,CZ9159,MU5296,07:40:00,10:30:00,2019-12-20 12:09:46,1.7,385,14
3214,CZ9159,MU5296,07:40:00,10:30:00,2019-12-21 17:01:45,5.5,1280,13
3266,CZ9159,MU5296,07:40:00,10:30:00,2019-12-22 15:43:13,5.5,1280,12
3318,CZ9159,MU5296,07:40:00,10:30:00,2019-12-23 13:54:16,5.5,1280,11
3370,CZ9159,MU5296,07:40:00,10:30:00,2019-12-24 14:27:50,5.5,1280,10
3422,CZ9159,MU5296,07:40:00,10:30:00,2019-12-25 14:34:08,5.5,1270,9
3447,CZ9159,MU5296,07:40:00,10:30:00,2019-12-26 14:25:08,5.5,1280,8
3526,CZ9159,MU5296,07:40:00,10:30:00,2019-12-27 11:43:04,5.5,1280,7
3553,CZ9159,MU5296,07:40:00,10:30:00,2019-12-28 15:02:54,2.6,595,6
3630,CZ9159,MU5296,07:40:00,10:30:00,2019-12-29 13:06:14,5.5,1280,5
3682,CZ9159,MU5296,07:40:00,10:30:00,2019-12-31 15:23:33,5.5,1280,3
3734,CZ9159,MU5296,07:40:00,10:30:00,2020-01-02 13:09:44,2.6,595,1
3788,CZ9159,MU5296,07:40:00,10:30:00,2020-01-03 15:19:21,8.5,1980,0
1720,CZ9161,MU5414,15:55:00,18:40:00,2019-11-19 14:44:54,4.4,930,45
1770,CZ9161,MU5414,15:55:00,18:40:00,2019-11-20 15:05:06,4.3,920,44
1816,CZ9161,MU5414,15:55:00,18:40:00,2019-11-21 15:01:50,4.4,930,43
1869,CZ9161,MU5414,15:55:00,18:40:00,2019-11-22 14:32:05,4.4,930,42
1943,CZ9161,MU5414,15:55:00,18:40:00,2019-11-23 14:33:13,4.4,930,41
1983,CZ9161,MU5414,15:55:00,18:40:00,2019-11-24 14:17:41,4.3,920,40
2018,CZ9161,MU5414,15:55:00,18:40:00,2019-11-25 14:08:38,4.3,920,39
2088,CZ9161,MU5414,15:55:00,18:40:00,2019-11-26 13:40:19,4.4,930,38
2151,CZ9161,MU5414,15:55:00,18:40:00,2019-11-27 15:29:09,4.4,930,37
2192,CZ9161,MU5414,15:55:00,18:40:00,2019-11-28 14:37:10,4.3,920,36
2244,CZ9161,MU5414,15:55:00,18:40:00,2019-11-29 14:04:15,4.4,930,35
2284,CZ9161,MU5414,15:55:00,18:40:00,2019-11-30 13:30:20,4.3,920,34
2337,CZ9161,MU5414,15:55:00,18:40:00,2019-12-01 13:11:22,4.4,930,33
2370,CZ9161,MU5414,15:55:00,18:40:00,2019-12-02 13:46:31,4.4,930,32
2441,CZ9161,MU5414,15:55:00,18:40:00,2019-12-03 13:43:50,4.4,930,31
2492,CZ9161,MU5414,15:55:00,18:40:00,2019-12-04 13:40:53,4.3,920,30
2544,CZ9161,MU5414,15:55:00,18:40:00,2019-12-05 13:14:32,4.4,930,29
2596,CZ9161,MU5414,15:55:00,18:40:00,2019-12-06 14:10:29,5.8,1240,28
2620,CZ9161,MU5414,15:55:00,18:40:00,2019-12-08 14:33:07,5.8,1240,26
2672,CZ9161,MU5414,15:55:00,18:40:00,2019-12-10 14:18:08,5.8,1240,24
2724,CZ9161,MU5414,15:55:00,18:40:00,2019-12-12 13:07:58,5.5,1280,22
2799,CZ9161,MU5414,15:55:00,18:40:00,2019-12-13 14:26:18,5.5,1280,21
2828,CZ9161,MU5414,15:55:00,18:40:00,2019-12-14 15:39:16,5.5,1280,20
2880,CZ9161,MU5414,15:55:00,18:40:00,2019-12-15 13:12:12,2.9,665,19
2932,CZ9161,MU5414,15:55:00,18:40:00,2019-12-16 13:39:33,5.5,1280,18
2985,CZ9161,MU5414,15:55:00,18:40:00,2019-12-17 14:32:11,5.5,1280,17
3036,CZ9161,MU5414,15:55:00,18:40:00,2019-12-18 15:28:15,5.5,1280,16
3088,CZ9161,MU5414,15:55:00,18:40:00,2019-12-19 13:31:03,5.5,1280,15
3140,CZ9161,MU5414,15:55:00,18:40:00,2019-12-20 12:09:46,1.7,405,14
3192,CZ9161,MU5414,15:55:00,18:40:00,2019-12-21 17:01:45,5.5,1280,13
3244,CZ9161,MU5414,15:55:00,18:40:00,2019-12-22 15:43:13,5.5,1280,12
3296,CZ9161,MU5414,15:55:00,18:40:00,2019-12-23 13:54:16,5.5,1280,11
3348,CZ9161,MU5414,15:55:00,18:40:00,2019-12-24 14:27:50,5.5,1280,10
3400,CZ9161,MU5414,15:55:00,18:40:00,2019-12-25 14:34:08,5.5,1270,9
3469,CZ9161,MU5414,15:55:00,18:40:00,2019-12-26 14:25:08,5.5,1280,8
3504,CZ9161,MU5414,15:55:00,18:40:00,2019-12-27 11:43:04,5.5,1280,7
3581,CZ9161,MU5414,15:55:00,18:40:00,2019-12-28 15:02:54,2.8,645,6
3608,CZ9161,MU5414,15:55:00,18:40:00,2019-12-29 13:06:14,5.5,1280,5
3660,CZ9161,MU5414,15:55:00,18:40:00,2019-12-31 15:23:33,5.5,1280,3
3712,CZ9161,MU5414,15:55:00,18:40:00,2020-01-02 13:09:44,2.8,645,1
3792,CZ9161,MU5414,15:55:00,18:40:00,2020-01-03 15:19:21,5.5,1280,0
1748,CZ9162,MU5222,13:55:00,16:40:00,2019-11-19 14:44:54,3.5,740,45
1793,CZ9162,MU5222,13:55:00,16:40:00,2019-11-20 15:05:06,3.5,735,44
1844,CZ9162,MU5222,13:55:00,16:40:00,2019-11-21 15:01:50,3.5,740,43
1897,CZ9162,MU5222,13:55:00,16:40:00,2019-11-22 14:32:05,2.7,580,42
1915,CZ9162,MU5222,13:55:00,16:40:00,2019-11-23 14:33:13,3.5,740,41
1956,CZ9162,MU5222,13:55:00,16:40:00,2019-11-24 14:17:41,3.5,735,40
2031,CZ9162,MU5222,13:55:00,16:40:00,2019-11-25 14:08:38,3.5,735,39
2060,CZ9162,MU5222,13:55:00,16:40:00,2019-11-26 13:40:19,3.5,740,38
2123,CZ9162,MU5222,13:55:00,16:40:00,2019-11-27 15:29:09,3.5,740,37
2164,CZ9162,MU5222,13:55:00,16:40:00,2019-11-28 14:37:10,3.5,735,36
2232,CZ9162,MU5222,13:55:00,16:40:00,2019-11-29 14:04:15,3.5,740,35
2312,CZ9162,MU5222,13:55:00,16:40:00,2019-11-30 13:30:20,3.5,735,34
2365,CZ9162,MU5222,13:55:00,16:40:00,2019-12-01 13:11:22,3.5,740,33
2397,CZ9162,MU5222,13:55:00,16:40:00,2019-12-02 13:46:31,3.5,740,32
2468,CZ9162,MU5222,13:55:00,16:40:00,2019-12-03 13:43:50,3.5,740,31
2520,CZ9162,MU5222,13:55:00,16:40:00,2019-12-04 13:40:53,3.5,735,30
2572,CZ9162,MU5222,13:55:00,16:40:00,2019-12-05 13:14:32,3.5,740,29
2597,CZ9162,MU5222,13:55:00,16:40:00,2019-12-06 14:10:29,5.8,1240,28
2648,CZ9162,MU5222,13:55:00,16:40:00,2019-12-08 14:33:07,5.8,1240,26
2700,CZ9162,MU5222,13:55:00,16:40:00,2019-12-10 14:18:08,5.8,1240,24
2752,CZ9162,MU5222,13:55:00,16:40:00,2019-12-12 13:07:58,5.5,1280,22
2802,CZ9162,MU5222,13:55:00,16:40:00,2019-12-13 14:26:18,5.5,1280,21
2856,CZ9162,MU5222,13:55:00,16:40:00,2019-12-14 15:39:16,5.5,1280,20
2908,CZ9162,MU5222,13:55:00,16:40:00,2019-12-15 13:12:12,2.9,665,19
2960,CZ9162,MU5222,13:55:00,16:40:00,2019-12-16 13:39:33,5.5,1280,18
2964,CZ9162,MU5222,13:55:00,16:40:00,2019-12-17 14:32:11,5.5,1280,17
3064,CZ9162,MU5222,13:55:00,16:40:00,2019-12-18 15:28:15,5.5,1280,16
3116,CZ9162,MU5222,13:55:00,16:40:00,2019-12-19 13:31:03,5.5,1280,15
3168,CZ9162,MU5222,13:55:00,16:40:00,2019-12-20 12:09:46,1.7,405,14
3220,CZ9162,MU5222,13:55:00,16:40:00,2019-12-21 17:01:45,5.5,1280,13
3272,CZ9162,MU5222,13:55:00,16:40:00,2019-12-22 15:43:13,5.5,1280,12
3324,CZ9162,MU5222,13:55:00,16:40:00,2019-12-23 13:54:16,5.5,1280,11
3376,CZ9162,MU5222,13:55:00,16:40:00,2019-12-24 14:27:50,5.5,1280,10
3428,CZ9162,MU5222,13:55:00,16:40:00,2019-12-25 14:34:08,5.5,1270,9
3453,CZ9162,MU5222,13:55:00,16:40:00,2019-12-26 14:25:08,5.5,1280,8
3532,CZ9162,MU5222,13:55:00,16:40:00,2019-12-27 11:43:04,5.5,1280,7
3559,CZ9162,MU5222,13:55:00,16:40:00,2019-12-28 15:02:54,2.8,645,6
3636,CZ9162,MU5222,13:55:00,16:40:00,2019-12-29 13:06:14,5.5,1280,5
3688,CZ9162,MU5222,13:55:00,16:40:00,2019-12-31 15:23:33,5.5,1280,3
3740,CZ9162,MU5222,13:55:00,16:40:00,2020-01-02 13:09:44,2.8,645,1
3782,CZ9162,MU5222,13:55:00,16:40:00,2020-01-03 15:19:21,6.5,1510,0
1710,EU6667,,16:45:00,19:35:00,2019-11-19 14:44:54,3.0,630,45
1762,EU6667,,16:45:00,19:35:00,2019-11-20 15:05:06,3.0,627,44
1806,EU6667,,16:45:00,19:35:00,2019-11-21 15:01:50,3.0,629,43
1858,EU6667,,16:45:00,19:35:00,2019-11-22 14:32:05,3.0,629,42
1911,EU6667,,16:45:00,19:35:00,2019-11-23 14:33:13,3.0,629,41
1996,EU6667,,16:45:00,19:35:00,2019-11-24 14:17:41,3.0,629,40
2005,EU6667,,16:45:00,19:35:00,2019-11-25 14:08:38,3.0,629,39
2097,EU6667,,16:45:00,19:35:00,2019-11-26 13:40:19,3.0,629,38
2119,EU6667,,16:45:00,19:35:00,2019-11-27 15:29:09,3.0,630,37
2202,EU6667,,16:45:00,19:35:00,2019-11-28 14:37:10,3.8,797,36
2256,EU6667,,16:45:00,19:35:00,2019-11-29 14:04:15,3.8,797,35
2274,EU6667,,16:45:00,19:35:00,2019-11-30 13:30:20,3.8,797,34
2327,EU6667,,16:45:00,19:35:00,2019-12-01 13:11:22,3.9,837,33
2412,EU6667,,16:45:00,19:35:00,2019-12-02 13:46:31,4.0,839,32
2431,EU6667,,16:45:00,19:35:00,2019-12-03 13:43:50,3.9,837,31
2482,EU6667,,16:45:00,19:35:00,2019-12-04 13:40:53,4.0,850,30
2534,EU6667,,16:45:00,19:35:00,2019-12-05 13:14:32,3.8,799,29
2586,EU6667,,16:45:00,19:35:00,2019-12-06 14:10:29,10.0,2120,28
2610,EU6667,,16:45:00,19:35:00,2019-12-08 14:33:07,2.5,533,26
2662,EU6667,,16:45:00,19:35:00,2019-12-10 14:18:08,2.5,520,24
2714,EU6667,,16:45:00,19:35:00,2019-12-12 13:07:58,2.5,535,22
2776,EU6667,,16:45:00,19:35:00,2019-12-13 14:26:18,2.8,600,21
2818,EU6667,,16:45:00,19:35:00,2019-12-14 15:39:16,3.0,629,20
2870,EU6667,,16:45:00,19:35:00,2019-12-15 13:12:12,3.0,629,19
2922,EU6667,,16:45:00,19:35:00,2019-12-16 13:39:33,3.0,629,18
2975,EU6667,,16:45:00,19:35:00,2019-12-17 14:32:11,2.0,475,17
3026,EU6667,,16:45:00,19:35:00,2019-12-18 15:28:15,3.0,689,16
3078,EU6667,,16:45:00,19:35:00,2019-12-19 13:31:03,2.0,475,15
3130,EU6667,,16:45:00,19:35:00,2019-12-20 12:09:46,2.0,475,14
3182,EU6667,,16:45:00,19:35:00,2019-12-21 17:01:45,2.0,475,13
3234,EU6667,,16:45:00,19:35:00,2019-12-22 15:43:13,2.0,475,12
3286,EU6667,,16:45:00,19:35:00,2019-12-23 13:54:16,3.0,688,11
3338,EU6667,,16:45:00,19:35:00,2019-12-24 14:27:50,1.5,345,10
3390,EU6667,,16:45:00,19:35:00,2019-12-25 14:34:08,1.5,345,9
3480,EU6667,,16:45:00,19:35:00,2019-12-26 14:25:08,1.5,345,8
3494,EU6667,,16:45:00,19:35:00,2019-12-27 11:43:04,3.0,688,7
3571,EU6667,,16:45:00,19:35:00,2019-12-28 15:02:54,3.0,688,6
3599,EU6667,,16:45:00,19:35:00,2019-12-29 13:06:14,3.0,688,5
3649,EU6667,,16:45:00,19:35:00,2019-12-31 15:23:33,2.5,594,3
3703,EU6667,,16:45:00,19:35:00,2020-01-02 13:09:44,2.5,593,1
3754,EU6667,,16:45:00,19:35:00,2020-01-03 15:19:21,2.5,593,0
3798,EU6667,,16:45:00,19:35:00,2020-01-04 15:12:13,2.6,600,0
1732,EU7063,3U8961,07:40:00,10:30:00,2019-11-19 14:44:54,2.8,600,45
1828,EU7063,3U8961,07:40:00,10:30:00,2019-11-21 15:01:50,2.8,600,43
1881,EU7063,3U8961,07:40:00,10:30:00,2019-11-22 14:32:05,2.8,600,42
1931,EU7063,3U8961,07:40:00,10:30:00,2019-11-23 14:33:13,2.8,600,41
1971,EU7063,3U8961,07:40:00,10:30:00,2019-11-24 14:17:41,2.8,600,40
2047,EU7063,3U8961,07:40:00,10:30:00,2019-11-25 14:08:38,2.8,600,39
2076,EU7063,3U8961,07:40:00,10:30:00,2019-11-26 13:40:19,2.8,600,38
2139,EU7063,3U8961,07:40:00,10:30:00,2019-11-27 15:29:09,2.8,600,37
2180,EU7063,3U8961,07:40:00,10:30:00,2019-11-28 14:37:10,2.8,600,36
2215,EU7063,3U8961,07:40:00,10:30:00,2019-11-29 14:04:15,2.8,600,35
2296,EU7063,3U8961,07:40:00,10:30:00,2019-11-30 13:30:20,6.0,1280,34
2349,EU7063,3U8961,07:40:00,10:30:00,2019-12-01 13:11:22,2.8,600,33
2386,EU7063,3U8961,07:40:00,10:30:00,2019-12-02 13:46:31,2.8,600,32
2453,EU7063,3U8961,07:40:00,10:30:00,2019-12-03 13:43:50,2.8,600,31
2504,EU7063,3U8961,07:40:00,10:30:00,2019-12-04 13:40:53,2.8,600,30
2556,EU7063,3U8961,07:40:00,10:30:00,2019-12-05 13:14:32,2.8,600,29
2632,EU7063,3U8961,07:40:00,10:30:00,2019-12-08 14:33:07,2.8,600,26
2684,EU7063,3U8961,07:40:00,10:30:00,2019-12-10 14:18:08,2.8,600,24
2736,EU7063,3U8961,07:40:00,10:30:00,2019-12-12 13:07:58,2.8,600,22
2770,EU7063,3U8961,07:40:00,10:30:00,2019-12-13 14:26:18,2.8,600,21
2840,EU7063,3U8961,07:40:00,10:30:00,2019-12-14 15:39:16,2.8,600,20
2892,EU7063,3U8961,07:40:00,10:30:00,2019-12-15 13:12:12,2.6,545,19
2944,EU7063,3U8961,07:40:00,10:30:00,2019-12-16 13:39:33,2.8,600,18
2997,EU7063,3U8961,07:40:00,10:30:00,2019-12-17 14:32:11,2.8,600,17
3048,EU7063,3U8961,07:40:00,10:30:00,2019-12-18 15:28:15,2.8,600,16
3100,EU7063,3U8961,07:40:00,10:30:00,2019-12-19 13:31:03,2.8,600,15
3152,EU7063,3U8961,07:40:00,10:30:00,2019-12-20 12:09:46,2.8,600,14
3204,EU7063,3U8961,07:40:00,10:30:00,2019-12-21 17:01:45,2.6,600,13
3256,EU7063,3U8961,07:40:00,10:30:00,2019-12-22 15:43:13,5.5,1280,12
3308,EU7063,3U8961,07:40:00,10:30:00,2019-12-23 13:54:16,5.5,1280,11
3360,EU7063,3U8961,07:40:00,10:30:00,2019-12-24 14:27:50,2.2,520,10
3412,EU7063,3U8961,07:40:00,10:30:00,2019-12-25 14:34:08,1.4,330,9
3437,EU7063,3U8961,07:40:00,10:30:00,2019-12-26 14:25:08,1.6,380,8
3516,EU7063,3U8961,07:40:00,10:30:00,2019-12-27 11:43:04,2.6,610,7
3543,EU7063,3U8961,07:40:00,10:30:00,2019-12-28 15:02:54,4.2,980,6
3620,EU7063,3U8961,07:40:00,10:30:00,2019-12-29 13:06:14,4.2,980,5
3672,EU7063,3U8961,07:40:00,10:30:00,2019-12-31 15:23:33,2.6,610,3
3724,EU7063,3U8961,07:40:00,10:30:00,2020-01-02 13:09:44,2.6,610,1
3772,EU7063,3U8961,07:40:00,10:30:00,2020-01-03 15:19:21,2.6,610,0
1719,HO3498,EU6667,16:45:00,19:35:00,2019-11-19 14:44:54,5.5,1170,45
1769,HO3498,EU6667,16:45:00,19:35:00,2019-11-20 15:05:06,5.5,1170,44
1815,HO3498,EU6667,16:45:00,19:35:00,2019-11-21 15:01:50,5.5,1170,43
1868,HO3498,EU6667,16:45:00,19:35:00,2019-11-22 14:32:05,5.5,1170,42
1944,HO3498,EU6667,16:45:00,19:35:00,2019-11-23 14:33:13,5.5,1170,41
1984,HO3498,EU6667,16:45:00,19:35:00,2019-11-24 14:17:41,5.5,1170,40
2019,HO3498,EU6667,16:45:00,19:35:00,2019-11-25 14:08:38,5.5,1170,39
2089,HO3498,EU6667,16:45:00,19:35:00,2019-11-26 13:40:19,5.5,1170,38
2152,HO3498,EU6667,16:45:00,19:35:00,2019-11-27 15:29:09,5.5,1170,37
2193,HO3498,EU6667,16:45:00,19:35:00,2019-11-28 14:37:10,5.5,1170,36
2245,HO3498,EU6667,16:45:00,19:35:00,2019-11-29 14:04:15,5.5,1170,35
2283,HO3498,EU6667,16:45:00,19:35:00,2019-11-30 13:30:20,5.5,1170,34
2336,HO3498,EU6667,16:45:00,19:35:00,2019-12-01 13:11:22,5.5,1170,33
2369,HO3498,EU6667,16:45:00,19:35:00,2019-12-02 13:46:31,5.5,1170,32
2440,HO3498,EU6667,16:45:00,19:35:00,2019-12-03 13:43:50,5.5,1170,31
2491,HO3498,EU6667,16:45:00,19:35:00,2019-12-04 13:40:53,5.5,1170,30
2543,HO3498,EU6667,16:45:00,19:35:00,2019-12-05 13:14:32,5.5,1170,29
2619,HO3498,EU6667,16:45:00,19:35:00,2019-12-08 14:33:07,5.5,1170,26
2671,HO3498,EU6667,16:45:00,19:35:00,2019-12-10 14:18:08,3.8,810,24
2723,HO3498,EU6667,16:45:00,19:35:00,2019-12-12 13:07:58,3.8,810,22
2795,HO3498,EU6667,16:45:00,19:35:00,2019-12-13 14:26:18,3.8,810,21
2827,HO3498,EU6667,16:45:00,19:35:00,2019-12-14 15:39:16,3.8,810,20
2879,HO3498,EU6667,16:45:00,19:35:00,2019-12-15 13:12:12,3.8,810,19
2931,HO3498,EU6667,16:45:00,19:35:00,2019-12-16 13:39:33,3.8,810,18
2984,HO3498,EU6667,16:45:00,19:35:00,2019-12-17 14:32:11,2.3,480,17
3035,HO3498,EU6667,16:45:00,19:35:00,2019-12-18 15:28:15,4.2,890,16
3087,HO3498,EU6667,16:45:00,19:35:00,2019-12-19 13:31:03,2.3,480,15
3139,HO3498,EU6667,16:45:00,19:35:00,2019-12-20 12:09:46,2.3,480,14
3191,HO3498,EU6667,16:45:00,19:35:00,2019-12-21 17:01:45,2.3,480,13
3243,HO3498,EU6667,16:45:00,19:35:00,2019-12-22 15:43:13,2.3,480,12
3295,HO3498,EU6667,16:45:00,19:35:00,2019-12-23 13:54:16,4.2,890,11
3347,HO3498,EU6667,16:45:00,19:35:00,2019-12-24 14:27:50,4.2,890,10
3399,HO3498,EU6667,16:45:00,19:35:00,2019-12-25 14:34:08,4.2,890,9
3470,HO3498,EU6667,16:45:00,19:35:00,2019-12-26 14:25:08,4.2,890,8
3503,HO3498,EU6667,16:45:00,19:35:00,2019-12-27 11:43:04,4.2,890,7
3580,HO3498,EU6667,16:45:00,19:35:00,2019-12-28 15:02:54,4.2,890,6
3607,HO3498,EU6667,16:45:00,19:35:00,2019-12-29 13:06:14,4.2,890,5
3659,HO3498,EU6667,16:45:00,19:35:00,2019-12-31 15:23:33,4.2,890,3
3711,HO3498,EU6667,16:45:00,19:35:00,2020-01-02 13:09:44,4.2,890,1
3791,HO3498,EU6667,16:45:00,19:35:00,2020-01-03 15:19:21,4.2,890,0
3806,HO3498,EU6667,16:45:00,19:35:00,2020-01-04 15:12:13,4.2,890,0
1740,HO3743,MU5414,15:55:00,18:40:00,2019-11-19 14:44:54,4.3,920,45
1785,HO3743,MU5414,15:55:00,18:40:00,2019-11-20 15:05:06,4.3,920,44
1836,HO3743,MU5414,15:55:00,18:40:00,2019-11-21 15:01:50,4.3,920,43
1889,HO3743,MU5414,15:55:00,18:40:00,2019-11-22 14:32:05,4.3,920,42
1923,HO3743,MU5414,15:55:00,18:40:00,2019-11-23 14:33:13,4.3,920,41
1964,HO3743,MU5414,15:55:00,18:40:00,2019-11-24 14:17:41,4.3,920,40
2039,HO3743,MU5414,15:55:00,18:40:00,2019-11-25 14:08:38,4.3,920,39
2068,HO3743,MU5414,15:55:00,18:40:00,2019-11-26 13:40:19,4.3,920,38
2131,HO3743,MU5414,15:55:00,18:40:00,2019-11-27 15:29:09,4.3,920,37
2172,HO3743,MU5414,15:55:00,18:40:00,2019-11-28 14:37:10,4.3,920,36
2223,HO3743,MU5414,15:55:00,18:40:00,2019-11-29 14:04:15,4.3,920,35
2304,HO3743,MU5414,15:55:00,18:40:00,2019-11-30 13:30:20,4.3,920,34
2357,HO3743,MU5414,15:55:00,18:40:00,2019-12-01 13:11:22,4.3,920,33
2378,HO3743,MU5414,15:55:00,18:40:00,2019-12-02 13:46:31,4.3,920,32
2461,HO3743,MU5414,15:55:00,18:40:00,2019-12-03 13:43:50,4.3,920,31
2512,HO3743,MU5414,15:55:00,18:40:00,2019-12-04 13:40:53,4.3,920,30
2564,HO3743,MU5414,15:55:00,18:40:00,2019-12-05 13:14:32,4.3,920,29
2640,HO3743,MU5414,15:55:00,18:40:00,2019-12-08 14:33:07,4.3,920,26
2692,HO3743,MU5414,15:55:00,18:40:00,2019-12-10 14:18:08,4.8,1020,24
2744,HO3743,MU5414,15:55:00,18:40:00,2019-12-12 13:07:58,3.2,670,22
2789,HO3743,MU5414,15:55:00,18:40:00,2019-12-13 14:26:18,3.2,670,21
2848,HO3743,MU5414,15:55:00,18:40:00,2019-12-14 15:39:16,3.2,670,20
2900,HO3743,MU5414,15:55:00,18:40:00,2019-12-15 13:12:12,3.2,670,19
2952,HO3743,MU5414,15:55:00,18:40:00,2019-12-16 13:39:33,3.2,670,18
3005,HO3743,MU5414,15:55:00,18:40:00,2019-12-17 14:32:11,3.2,670,17
3056,HO3743,MU5414,15:55:00,18:40:00,2019-12-18 15:28:15,3.2,670,16
3108,HO3743,MU5414,15:55:00,18:40:00,2019-12-19 13:31:03,1.9,405,15
3160,HO3743,MU5414,15:55:00,18:40:00,2019-12-20 12:09:46,1.9,405,14
3212,HO3743,MU5414,15:55:00,18:40:00,2019-12-21 17:01:45,1.9,405,13
3264,HO3743,MU5414,15:55:00,18:40:00,2019-12-22 15:43:13,1.9,405,12
3316,HO3743,MU5414,15:55:00,18:40:00,2019-12-23 13:54:16,1.9,405,11
3368,HO3743,MU5414,15:55:00,18:40:00,2019-12-24 14:27:50,1.8,375,10
3420,HO3743,MU5414,15:55:00,18:40:00,2019-12-25 14:34:08,3.2,680,9
3445,HO3743,MU5414,15:55:00,18:40:00,2019-12-26 14:25:08,1.8,375,8
3524,HO3743,MU5414,15:55:00,18:40:00,2019-12-27 11:43:04,2.9,680,7
3551,HO3743,MU5414,15:55:00,18:40:00,2019-12-28 15:02:54,2.8,645,6
3628,HO3743,MU5414,15:55:00,18:40:00,2019-12-29 13:06:14,2.8,645,5
3680,HO3743,MU5414,15:55:00,18:40:00,2019-12-31 15:23:33,2.8,645,3
3732,HO3743,MU5414,15:55:00,18:40:00,2020-01-02 13:09:44,2.8,645,1
3794,HO3743,MU5414,15:55:00,18:40:00,2020-01-03 15:19:21,2.8,645,0
1701,HO3745,MU5416,17:00:00,20:00:00,2019-11-19 14:44:54,3.5,735,45
1754,HO3745,MU5416,17:00:00,20:00:00,2019-11-20 15:05:06,3.5,735,44
1797,HO3745,MU5416,17:00:00,20:00:00,2019-11-21 15:01:50,3.5,735,43
1849,HO3745,MU5416,17:00:00,20:00:00,2019-11-22 14:32:05,3.5,735,42
1903,HO3745,MU5416,17:00:00,20:00:00,2019-11-23 14:33:13,3.5,735,41
1998,HO3745,MU5416,17:00:00,20:00:00,2019-11-24 14:17:41,3.5,735,40
2014,HO3745,MU5416,17:00:00,20:00:00,2019-11-25 14:08:38,3.5,735,39
2106,HO3745,MU5416,17:00:00,20:00:00,2019-11-26 13:40:19,3.5,735,38
2110,HO3745,MU5416,17:00:00,20:00:00,2019-11-27 15:29:09,3.5,735,37
2210,HO3745,MU5416,17:00:00,20:00:00,2019-11-28 14:37:10,3.5,735,36
2252,HO3745,MU5416,17:00:00,20:00:00,2019-11-29 14:04:15,3.5,735,35
2265,HO3745,MU5416,17:00:00,20:00:00,2019-11-30 13:30:20,3.5,735,34
2318,HO3745,MU5416,17:00:00,20:00:00,2019-12-01 13:11:22,3.5,735,33
2403,HO3745,MU5416,17:00:00,20:00:00,2019-12-02 13:46:31,3.5,740,32
2422,HO3745,MU5416,17:00:00,20:00:00,2019-12-03 13:43:50,3.5,735,31
2473,HO3745,MU5416,17:00:00,20:00:00,2019-12-04 13:40:53,3.5,735,30
2525,HO3745,MU5416,17:00:00,20:00:00,2019-12-05 13:14:32,3.5,735,29
2601,HO3745,MU5416,17:00:00,20:00:00,2019-12-08 14:33:07,3.5,735,26
2653,HO3745,MU5416,17:00:00,20:00:00,2019-12-10 14:18:08,3.8,815,24
2705,HO3745,MU5416,17:00:00,20:00:00,2019-12-12 13:07:58,3.2,670,22
2758,HO3745,MU5416,17:00:00,20:00:00,2019-12-13 14:26:18,3.2,670,21
2809,HO3745,MU5416,17:00:00,20:00:00,2019-12-14 15:39:16,3.2,670,20
2861,HO3745,MU5416,17:00:00,20:00:00,2019-12-15 13:12:12,3.2,670,19
2913,HO3745,MU5416,17:00:00,20:00:00,2019-12-16 13:39:33,3.2,670,18
2966,HO3745,MU5416,17:00:00,20:00:00,2019-12-17 14:32:11,3.2,670,17
3017,HO3745,MU5416,17:00:00,20:00:00,2019-12-18 15:28:15,3.2,670,16
3069,HO3745,MU5416,17:00:00,20:00:00,2019-12-19 13:31:03,1.9,405,15
3121,HO3745,MU5416,17:00:00,20:00:00,2019-12-20 12:09:46,1.9,405,14
3173,HO3745,MU5416,17:00:00,20:00:00,2019-12-21 17:01:45,1.9,405,13
3225,HO3745,MU5416,17:00:00,20:00:00,2019-12-22 15:43:13,1.9,405,12
3277,HO3745,MU5416,17:00:00,20:00:00,2019-12-23 13:54:16,1.9,405,11
3329,HO3745,MU5416,17:00:00,20:00:00,2019-12-24 14:27:50,3.2,680,10
3382,HO3745,MU5416,17:00:00,20:00:00,2019-12-25 14:34:08,3.2,680,9
3471,HO3745,MU5416,17:00:00,20:00:00,2019-12-26 14:25:08,1.8,375,8
3485,HO3745,MU5416,17:00:00,20:00:00,2019-12-27 11:43:04,2.9,680,7
3537,HO3745,MU5416,17:15:00,20:00:00,2019-12-28 15:02:54,2.8,645,6
3590,HO3745,MU5416,17:15:00,20:00:00,2019-12-29 13:06:14,2.8,645,5
3640,HO3745,MU5416,17:15:00,20:00:00,2019-12-31 15:23:33,2.8,645,3
3694,HO3745,MU5416,17:15:00,20:00:00,2020-01-02 13:09:44,2.8,645,1
3745,HO3745,MU5416,17:15:00,20:00:00,2020-01-03 15:19:21,2.8,645,0
3808,HO3745,MU5416,17:15:00,20:00:00,2020-01-04 15:12:13,1.4,325,0
1703,HO3918,MU5222,13:55:00,16:40:00,2019-11-19 14:44:54,3.5,735,45
1756,HO3918,MU5222,13:55:00,16:40:00,2019-11-20 15:05:06,3.5,735,44
1799,HO3918,MU5222,13:55:00,16:40:00,2019-11-21 15:01:50,3.5,735,43
1851,HO3918,MU5222,13:55:00,16:40:00,2019-11-22 14:32:05,2.7,580,42
1900,HO3918,MU5222,13:55:00,16:40:00,2019-11-23 14:33:13,3.5,735,41
2000,HO3918,MU5222,13:55:00,16:40:00,2019-11-24 14:17:41,3.5,735,40
2012,HO3918,MU5222,13:55:00,16:40:00,2019-11-25 14:08:38,3.5,735,39
2104,HO3918,MU5222,13:55:00,16:40:00,2019-11-26 13:40:19,3.5,735,38
2112,HO3918,MU5222,13:55:00,16:40:00,2019-11-27 15:29:09,3.5,735,37
2208,HO3918,MU5222,13:55:00,16:40:00,2019-11-28 14:37:10,3.5,735,36
2263,HO3918,MU5222,13:55:00,16:40:00,2019-11-29 14:04:15,3.5,735,35
2267,HO3918,MU5222,13:55:00,16:40:00,2019-11-30 13:30:20,3.5,735,34
2320,HO3918,MU5222,13:55:00,16:40:00,2019-12-01 13:11:22,3.5,735,33
2405,HO3918,MU5222,13:55:00,16:40:00,2019-12-02 13:46:31,3.5,740,32
2424,HO3918,MU5222,13:55:00,16:40:00,2019-12-03 13:43:50,3.5,735,31
2475,HO3918,MU5222,13:55:00,16:40:00,2019-12-04 13:40:53,3.5,735,30
2527,HO3918,MU5222,13:55:00,16:40:00,2019-12-05 13:14:32,3.5,735,29
2603,HO3918,MU5222,13:55:00,16:40:00,2019-12-08 14:33:07,3.5,735,26
2655,HO3918,MU5222,13:55:00,16:40:00,2019-12-10 14:18:08,3.8,815,24
2707,HO3918,MU5222,13:55:00,16:40:00,2019-12-12 13:07:58,3.2,670,22
2765,HO3918,MU5222,13:55:00,16:40:00,2019-12-13 14:26:18,3.2,670,21
2811,HO3918,MU5222,13:55:00,16:40:00,2019-12-14 15:39:16,3.2,670,20
2863,HO3918,MU5222,13:55:00,16:40:00,2019-12-15 13:12:12,3.2,670,19
2915,HO3918,MU5222,13:55:00,16:40:00,2019-12-16 13:39:33,3.2,670,18
2968,HO3918,MU5222,13:55:00,16:40:00,2019-12-17 14:32:11,3.2,670,17
3019,HO3918,MU5222,13:55:00,16:40:00,2019-12-18 15:28:15,3.2,670,16
3071,HO3918,MU5222,13:55:00,16:40:00,2019-12-19 13:31:03,1.9,405,15
3123,HO3918,MU5222,13:55:00,16:40:00,2019-12-20 12:09:46,1.9,405,14
3175,HO3918,MU5222,13:55:00,16:40:00,2019-12-21 17:01:45,1.9,405,13
3227,HO3918,MU5222,13:55:00,16:40:00,2019-12-22 15:43:13,1.9,405,12
3279,HO3918,MU5222,13:55:00,16:40:00,2019-12-23 13:54:16,3.2,680,11
3331,HO3918,MU5222,13:55:00,16:40:00,2019-12-24 14:27:50,3.2,680,10
3384,HO3918,MU5222,13:55:00,16:40:00,2019-12-25 14:34:08,3.2,680,9
3457,HO3918,MU5222,13:55:00,16:40:00,2019-12-26 14:25:08,1.8,375,8
3487,HO3918,MU5222,13:55:00,16:40:00,2019-12-27 11:43:04,2.9,680,7
3564,HO3918,MU5222,13:55:00,16:40:00,2019-12-28 15:02:54,2.8,645,6
3592,HO3918,MU5222,13:55:00,16:40:00,2019-12-29 13:06:14,2.8,645,5
3642,HO3918,MU5222,13:55:00,16:40:00,2019-12-31 15:23:33,2.8,645,3
3696,HO3918,MU5222,13:55:00,16:40:00,2020-01-02 13:09:44,2.8,645,1
3747,HO3918,MU5222,13:55:00,16:40:00,2020-01-03 15:19:21,6.4,1480,0
1705,HO3919,MU5296,07:40:00,10:30:00,2019-11-19 14:44:54,2.5,533,45
1758,HO3919,MU5296,07:40:00,10:30:00,2019-11-20 15:05:06,2.5,530,44
1801,HO3919,MU5296,07:40:00,10:30:00,2019-11-21 15:01:50,2.5,530,43
1853,HO3919,MU5296,07:40:00,10:30:00,2019-11-22 14:32:05,2.5,530,42
1906,HO3919,MU5296,07:40:00,10:30:00,2019-11-23 14:33:13,2.5,530,41
2002,HO3919,MU5296,07:40:00,10:30:00,2019-11-24 14:17:41,2.5,530,40
2010,HO3919,MU5296,07:40:00,10:30:00,2019-11-25 14:08:38,2.5,530,39
2102,HO3919,MU5296,07:40:00,10:30:00,2019-11-26 13:40:19,2.5,530,38
2114,HO3919,MU5296,07:40:00,10:30:00,2019-11-27 15:29:09,2.5,530,37
2160,HO3919,MU5296,07:40:00,10:30:00,2019-11-28 14:37:10,2.5,530,36
2261,HO3919,MU5296,07:40:00,10:30:00,2019-11-29 14:04:15,2.5,530,35
2269,HO3919,MU5296,07:40:00,10:30:00,2019-11-30 13:30:20,2.5,530,34
2322,HO3919,MU5296,07:40:00,10:30:00,2019-12-01 13:11:22,2.5,530,33
2407,HO3919,MU5296,07:40:00,10:30:00,2019-12-02 13:46:31,2.8,600,32
2426,HO3919,MU5296,07:40:00,10:30:00,2019-12-03 13:43:50,2.8,600,31
2477,HO3919,MU5296,07:40:00,10:30:00,2019-12-04 13:40:53,2.8,600,30
2529,HO3919,MU5296,07:40:00,10:30:00,2019-12-05 13:14:32,2.6,550,29
2605,HO3919,MU5296,07:40:00,10:30:00,2019-12-08 14:33:07,2.6,550,26
2657,HO3919,MU5296,07:40:00,10:30:00,2019-12-10 14:18:08,2.6,560,24
2709,HO3919,MU5296,07:40:00,10:30:00,2019-12-12 13:07:58,2.9,610,22
2768,HO3919,MU5296,07:40:00,10:30:00,2019-12-13 14:26:18,2.9,610,21
2813,HO3919,MU5296,07:40:00,10:30:00,2019-12-14 15:39:16,2.3,485,20
2865,HO3919,MU5296,07:40:00,10:30:00,2019-12-15 13:12:12,2.3,485,19
2917,HO3919,MU5296,07:40:00,10:30:00,2019-12-16 13:39:33,2.3,485,18
2970,HO3919,MU5296,07:40:00,10:30:00,2019-12-17 14:32:11,2.3,485,17
3021,HO3919,MU5296,07:40:00,10:30:00,2019-12-18 15:28:15,2.3,485,16
3073,HO3919,MU5296,07:40:00,10:30:00,2019-12-19 13:31:03,1.8,385,15
3125,HO3919,MU5296,07:40:00,10:30:00,2019-12-20 12:09:46,1.8,385,14
3177,HO3919,MU5296,07:40:00,10:30:00,2019-12-21 17:01:45,1.8,385,13
3229,HO3919,MU5296,07:40:00,10:30:00,2019-12-22 15:43:13,1.8,385,12
3281,HO3919,MU5296,07:40:00,10:30:00,2019-12-23 13:54:16,1.8,385,11
3333,HO3919,MU5296,07:40:00,10:30:00,2019-12-24 14:27:50,2.9,610,10
3385,HO3919,MU5296,07:40:00,10:30:00,2019-12-25 14:34:08,2.9,610,9
3433,HO3919,MU5296,07:40:00,10:30:00,2019-12-26 14:25:08,1.6,335,8
3489,HO3919,MU5296,07:40:00,10:30:00,2019-12-27 11:43:04,2.6,610,7
3566,HO3919,MU5296,07:40:00,10:30:00,2019-12-28 15:02:54,2.6,595,6
3594,HO3919,MU5296,07:40:00,10:30:00,2019-12-29 13:06:14,2.6,595,5
3644,HO3919,MU5296,07:40:00,10:30:00,2019-12-31 15:23:33,2.6,595,3
3698,HO3919,MU5296,07:40:00,10:30:00,2020-01-02 13:09:44,2.6,595,1
3749,HO3919,MU5296,07:40:00,10:30:00,2020-01-03 15:19:21,6.3,1470,0
1718,HU7476,,08:00:00,10:40:00,2019-11-19 14:44:54,4.8,1010,45
1768,HU7476,,08:00:00,10:40:00,2019-11-20 15:05:06,4.1,879,44
1814,HU7476,,08:00:00,10:40:00,2019-11-21 15:01:50,4.2,890,43
1867,HU7476,,08:00:00,10:40:00,2019-11-22 14:32:05,3.0,635,42
1945,HU7476,,08:00:00,10:40:00,2019-11-23 14:33:13,3.0,635,41
1985,HU7476,,08:00:00,10:40:00,2019-11-24 14:17:41,3.0,634,40
2020,HU7476,,08:00:00,10:40:00,2019-11-25 14:08:38,3.0,634,39
2090,HU7476,,08:00:00,10:40:00,2019-11-26 13:40:19,3.0,635,38
2153,HU7476,,08:00:00,10:40:00,2019-11-27 15:29:09,3.0,638,37
2194,HU7476,,08:00:00,10:40:00,2019-11-28 14:37:10,3.0,633,36
2247,HU7476,,08:00:00,10:40:00,2019-11-29 14:04:15,3.0,635,35
2282,HU7476,,08:00:00,10:40:00,2019-11-30 13:30:20,3.0,633,34
2335,HU7476,,08:00:00,10:40:00,2019-12-01 13:11:22,3.0,635,33
2368,HU7476,,08:00:00,10:40:00,2019-12-02 13:46:31,3.0,635,32
2439,HU7476,,08:00:00,10:40:00,2019-12-03 13:43:50,3.0,635,31
2490,HU7476,,08:00:00,10:40:00,2019-12-04 13:40:53,2.5,523,30
2542,HU7476,,08:00:00,10:40:00,2019-12-05 13:14:32,2.5,525,29
2594,HU7476,,08:00:00,10:40:00,2019-12-06 14:10:29,2.5,525,28
2618,HU7476,,08:00:00,10:40:00,2019-12-08 14:33:07,2.5,525,26
2670,HU7476,,08:00:00,10:40:00,2019-12-10 14:18:08,2.5,525,24
2722,HU7476,,08:00:00,10:40:00,2019-12-12 13:07:58,2.0,417,22
2797,HU7476,,08:00:00,10:40:00,2019-12-13 14:26:18,2.0,418,21
2826,HU7476,,08:00:00,10:40:00,2019-12-14 15:39:16,2.3,477,20
2878,HU7476,,08:00:00,10:40:00,2019-12-15 13:12:12,2.2,464,19
2930,HU7476,,08:00:00,10:40:00,2019-12-16 13:39:33,2.2,466,18
2983,HU7476,,08:00:00,10:40:00,2019-12-17 14:32:11,2.2,469,17
3034,HU7476,,08:00:00,10:40:00,2019-12-18 15:28:15,2.2,465,16
3086,HU7476,,08:00:00,10:40:00,2019-12-19 13:31:03,2.2,465,15
3138,HU7476,,08:00:00,10:40:00,2019-12-20 12:09:46,1.8,391,14
3190,HU7476,,08:00:00,10:40:00,2019-12-21 17:01:45,1.9,395,13
3242,HU7476,,08:00:00,10:40:00,2019-12-22 15:43:13,1.5,322,12
3294,HU7476,,08:00:00,10:40:00,2019-12-23 13:54:16,1.5,322,11
3346,HU7476,,08:00:00,10:40:00,2019-12-24 14:27:50,1.5,315,10
3398,HU7476,,08:00:00,10:40:00,2019-12-25 14:34:08,2.5,525,9
3472,HU7476,,08:00:00,10:40:00,2019-12-26 14:25:08,2.2,465,8
3502,HU7476,,08:00:00,10:40:00,2019-12-27 11:43:04,2.2,465,7
3579,HU7476,,08:00:00,10:40:00,2019-12-28 15:02:54,2.2,465,6
3606,HU7476,,08:00:00,10:40:00,2019-12-29 13:06:14,2.2,471,5
3658,HU7476,,08:00:00,10:40:00,2019-12-31 15:23:33,4.8,1010,3
3710,HU7476,,08:00:00,10:40:00,2020-01-02 13:09:44,2.8,585,1
3790,HU7476,,08:00:00,10:40:00,2020-01-03 15:19:21,2.6,548,0
1707,MU1057,3U8961,07:40:00,10:30:00,2019-11-19 14:44:54,3.0,640,45
1803,MU1057,3U8961,07:40:00,10:30:00,2019-11-21 15:01:50,3.0,640,43
1855,MU1057,3U8961,07:40:00,10:30:00,2019-11-22 14:32:05,3.0,640,42
1908,MU1057,3U8961,07:40:00,10:30:00,2019-11-23 14:33:13,3.0,640,41
1993,MU1057,3U8961,07:40:00,10:30:00,2019-11-24 14:17:41,3.0,640,40
2008,MU1057,3U8961,07:40:00,10:30:00,2019-11-25 14:08:38,3.0,640,39
2100,MU1057,3U8961,07:40:00,10:30:00,2019-11-26 13:40:19,3.0,640,38
2116,MU1057,3U8961,07:40:00,10:30:00,2019-11-27 15:29:09,3.0,640,37
2205,MU1057,3U8961,07:40:00,10:30:00,2019-11-28 14:37:10,3.0,640,36
2259,MU1057,3U8961,07:40:00,10:30:00,2019-11-29 14:04:15,3.0,640,35
2271,MU1057,3U8961,07:40:00,10:30:00,2019-11-30 13:30:20,6.0,1280,34
2324,MU1057,3U8961,07:40:00,10:30:00,2019-12-01 13:11:22,3.5,740,33
2409,MU1057,3U8961,07:40:00,10:30:00,2019-12-02 13:46:31,3.5,740,32
2428,MU1057,3U8961,07:40:00,10:30:00,2019-12-03 13:43:50,3.5,740,31
2479,MU1057,3U8961,07:40:00,10:30:00,2019-12-04 13:40:53,3.5,740,30
2531,MU1057,3U8961,07:40:00,10:30:00,2019-12-05 13:14:32,3.5,740,29
2607,MU1057,3U8961,07:40:00,10:30:00,2019-12-08 14:33:07,3.5,740,26
2659,MU1057,3U8961,07:40:00,10:30:00,2019-12-10 14:18:08,3.5,740,24
2711,MU1057,3U8961,07:40:00,10:30:00,2019-12-12 13:07:58,3.5,740,22
2772,MU1057,3U8961,07:40:00,10:30:00,2019-12-13 14:26:18,3.5,740,21
2815,MU1057,3U8961,07:40:00,10:30:00,2019-12-14 15:39:16,3.5,740,20
2867,MU1057,3U8961,07:40:00,10:30:00,2019-12-15 13:12:12,3.0,640,19
2919,MU1057,3U8961,07:40:00,10:30:00,2019-12-16 13:39:33,3.5,740,18
2972,MU1057,3U8961,07:40:00,10:30:00,2019-12-17 14:32:11,3.5,740,17
3023,MU1057,3U8961,07:40:00,10:30:00,2019-12-18 15:28:15,3.0,640,16
3075,MU1057,3U8961,07:40:00,10:30:00,2019-12-19 13:31:03,3.5,740,15
3127,MU1057,3U8961,07:40:00,10:30:00,2019-12-20 12:09:46,3.0,640,14
3179,MU1057,3U8961,07:40:00,10:30:00,2019-12-21 17:01:45,3.3,700,13
3231,MU1057,3U8961,07:40:00,10:30:00,2019-12-22 15:43:13,6.0,1280,12
3283,MU1057,3U8961,07:40:00,10:30:00,2019-12-23 13:54:16,6.0,1280,11
3335,MU1057,3U8961,07:40:00,10:30:00,2019-12-24 14:27:50,4.4,1030,10
3387,MU1057,3U8961,07:40:00,10:30:00,2019-12-25 14:34:08,3.0,700,9
3483,MU1057,3U8961,07:40:00,10:30:00,2019-12-26 14:25:08,3.5,820,8
3491,MU1057,3U8961,07:40:00,10:30:00,2019-12-27 11:43:04,4.4,1030,7
3568,MU1057,3U8961,07:40:00,10:30:00,2019-12-28 15:02:54,4.4,1030,6
3596,MU1057,3U8961,07:40:00,10:30:00,2019-12-29 13:06:14,4.4,1030,5
3646,MU1057,3U8961,07:40:00,10:30:00,2019-12-31 15:23:33,4.4,1030,3
3700,MU1057,3U8961,07:40:00,10:30:00,2020-01-02 13:09:44,4.4,1030,1
3751,MU1057,3U8961,07:40:00,10:30:00,2020-01-03 15:19:21,4.4,1030,0
1721,MU1059,3U8963,12:30:00,15:20:00,2019-11-19 14:44:54,3.5,740,45
1817,MU1059,3U8963,12:30:00,15:20:00,2019-11-21 15:01:50,3.5,740,43
1870,MU1059,3U8963,12:30:00,15:20:00,2019-11-22 14:32:05,4.4,930,42
1942,MU1059,3U8963,12:30:00,15:20:00,2019-11-23 14:33:13,4.4,930,41
1982,MU1059,3U8963,12:30:00,15:20:00,2019-11-24 14:17:41,4.4,930,40
2017,MU1059,3U8963,12:30:00,15:20:00,2019-11-25 14:08:38,4.1,860,39
2087,MU1059,3U8963,12:30:00,15:20:00,2019-11-26 13:40:19,3.5,740,38
2150,MU1059,3U8963,12:30:00,15:20:00,2019-11-27 15:29:09,3.5,740,37
2191,MU1059,3U8963,12:30:00,15:20:00,2019-11-28 14:37:10,3.5,740,36
2243,MU1059,3U8963,12:30:00,15:20:00,2019-11-29 14:04:15,3.5,740,35
2285,MU1059,3U8963,12:30:00,15:20:00,2019-11-30 13:30:20,3.5,740,34
2338,MU1059,3U8963,12:30:00,15:20:00,2019-12-01 13:11:22,3.5,740,33
2371,MU1059,3U8963,12:30:00,15:20:00,2019-12-02 13:46:31,3.5,740,32
2442,MU1059,3U8963,12:30:00,15:20:00,2019-12-03 13:43:50,3.5,740,31
2493,MU1059,3U8963,12:30:00,15:20:00,2019-12-04 13:40:53,3.5,740,30
2545,MU1059,3U8963,12:30:00,15:20:00,2019-12-05 13:14:32,3.5,740,29
2621,MU1059,3U8963,12:30:00,15:20:00,2019-12-08 14:33:07,3.5,740,26
2673,MU1059,3U8963,12:30:00,15:20:00,2019-12-10 14:18:08,3.5,740,24
2725,MU1059,3U8963,12:30:00,15:20:00,2019-12-12 13:07:58,3.5,740,22
2801,MU1059,3U8963,12:30:00,15:20:00,2019-12-13 14:26:18,3.5,740,21
2829,MU1059,3U8963,12:30:00,15:20:00,2019-12-14 15:39:16,3.5,740,20
2881,MU1059,3U8963,12:30:00,15:20:00,2019-12-15 13:12:12,3.5,740,19
2933,MU1059,3U8963,12:30:00,15:20:00,2019-12-16 13:39:33,3.5,740,18
2986,MU1059,3U8963,12:30:00,15:20:00,2019-12-17 14:32:11,3.5,740,17
3037,MU1059,3U8963,12:30:00,15:20:00,2019-12-18 15:28:15,3.5,740,16
3089,MU1059,3U8963,12:30:00,15:20:00,2019-12-19 13:31:03,3.5,740,15
3141,MU1059,3U8963,12:30:00,15:20:00,2019-12-20 12:09:46,3.5,740,14
3193,MU1059,3U8963,12:30:00,15:20:00,2019-12-21 17:01:45,3.3,700,13
3245,MU1059,3U8963,12:30:00,15:20:00,2019-12-22 15:43:13,3.3,700,12
3297,MU1059,3U8963,12:30:00,15:20:00,2019-12-23 13:54:16,3.3,700,11
3349,MU1059,3U8963,12:30:00,15:20:00,2019-12-24 14:27:50,4.4,1030,10
3401,MU1059,3U8963,12:30:00,15:20:00,2019-12-25 14:34:08,3.0,700,9
3468,MU1059,3U8963,12:30:00,15:20:00,2019-12-26 14:25:08,3.0,700,8
3505,MU1059,3U8963,12:30:00,15:20:00,2019-12-27 11:43:04,4.4,1030,7
3582,MU1059,3U8963,12:30:00,15:20:00,2019-12-28 15:02:54,4.4,1030,6
3609,MU1059,3U8963,12:30:00,15:20:00,2019-12-29 13:06:14,4.4,1030,5
3661,MU1059,3U8963,12:30:00,15:20:00,2019-12-31 15:23:33,4.4,1030,3
3713,MU1059,3U8963,12:30:00,15:20:00,2020-01-02 13:09:44,4.4,1030,1
3793,MU1059,3U8963,12:30:00,15:20:00,2020-01-03 15:19:21,4.4,1030,0
1751,MU1061,3U8965,15:50:00,18:40:00,2019-11-19 14:44:54,3.5,740,45
1847,MU1061,3U8965,15:50:00,18:40:00,2019-11-21 15:01:50,3.5,740,43
1860,MU1061,3U8965,15:50:00,18:40:00,2019-11-22 14:32:05,4.4,930,42
1912,MU1061,3U8965,15:50:00,18:40:00,2019-11-23 14:33:13,4.4,930,41
1953,MU1061,3U8965,15:50:00,18:40:00,2019-11-24 14:17:41,4.4,930,40
2027,MU1061,3U8965,15:50:00,18:40:00,2019-11-25 14:08:38,4.4,930,39
2057,MU1061,3U8965,15:50:00,18:40:00,2019-11-26 13:40:19,4.4,930,38
2120,MU1061,3U8965,15:50:00,18:40:00,2019-11-27 15:29:09,4.4,930,37
2161,MU1061,3U8965,15:50:00,18:40:00,2019-11-28 14:37:10,4.4,930,36
2236,MU1061,3U8965,15:50:00,18:40:00,2019-11-29 14:04:15,4.4,930,35
2315,MU1061,3U8965,15:50:00,18:40:00,2019-11-30 13:30:20,4.4,930,34
2316,MU1061,3U8965,15:50:00,18:40:00,2019-12-01 13:11:22,4.4,930,33
2394,MU1061,3U8965,15:50:00,18:40:00,2019-12-02 13:46:31,4.4,930,32
2471,MU1061,3U8965,15:50:00,18:40:00,2019-12-03 13:43:50,4.4,930,31
2523,MU1061,3U8965,15:50:00,18:40:00,2019-12-04 13:40:53,4.4,930,30
2575,MU1061,3U8965,15:50:00,18:40:00,2019-12-05 13:14:32,4.4,930,29
2651,MU1061,3U8965,15:50:00,18:40:00,2019-12-08 14:33:07,4.4,930,26
2703,MU1061,3U8965,15:50:00,18:40:00,2019-12-10 14:18:08,4.4,930,24
2755,MU1061,3U8965,15:50:00,18:40:00,2019-12-12 13:07:58,4.4,930,22
2806,MU1061,3U8965,15:50:00,18:40:00,2019-12-13 14:26:18,7.4,1570,21
2859,MU1061,3U8965,15:50:00,18:40:00,2019-12-14 15:39:16,4.4,930,20
2911,MU1061,3U8965,15:50:00,18:40:00,2019-12-15 13:12:12,4.4,930,19
2963,MU1061,3U8965,15:50:00,18:40:00,2019-12-16 13:39:33,4.4,930,18
3015,MU1061,3U8965,15:50:00,18:40:00,2019-12-17 14:32:11,4.4,930,17
3067,MU1061,3U8965,15:50:00,18:40:00,2019-12-18 15:28:15,4.4,930,16
3119,MU1061,3U8965,15:50:00,18:40:00,2019-12-19 13:31:03,4.4,930,15
3171,MU1061,3U8965,15:50:00,18:40:00,2019-12-20 12:09:46,4.4,930,14
3223,MU1061,3U8965,15:50:00,18:40:00,2019-12-21 17:01:45,3.3,700,13
3275,MU1061,3U8965,15:50:00,18:40:00,2019-12-22 15:43:13,3.3,700,12
3327,MU1061,3U8965,15:50:00,18:40:00,2019-12-23 13:54:16,3.3,700,11
3379,MU1061,3U8965,15:50:00,18:40:00,2019-12-24 14:27:50,4.4,1030,10
3431,MU1061,3U8965,15:50:00,18:40:00,2019-12-25 14:34:08,3.0,700,9
3456,MU1061,3U8965,15:50:00,18:40:00,2019-12-26 14:25:08,3.5,820,8
3535,MU1061,3U8965,15:50:00,18:40:00,2019-12-27 11:43:04,4.4,1030,7
3562,MU1061,3U8965,15:50:00,18:40:00,2019-12-28 15:02:54,4.4,1030,6
3639,MU1061,3U8965,15:50:00,18:40:00,2019-12-29 13:06:14,4.4,1030,5
3691,MU1061,3U8965,15:50:00,18:40:00,2019-12-31 15:23:33,4.4,1030,3
3743,MU1061,3U8965,15:50:00,18:40:00,2020-01-02 13:09:44,4.4,1030,1
3779,MU1061,3U8965,15:50:00,18:40:00,2020-01-03 15:19:21,4.4,1030,0
1747,MU3208,CZ3360,21:05:00,23:55:00,2019-11-19 14:44:54,4.9,950,45
1792,MU3208,CZ3360,21:05:00,23:55:00,2019-11-20 15:05:06,3.0,580,44
1843,MU3208,CZ3360,21:05:00,23:55:00,2019-11-21 15:01:50,3.0,580,43
1896,MU3208,CZ3360,21:05:00,23:55:00,2019-11-22 14:32:05,3.0,580,42
1916,MU3208,CZ3360,21:05:00,23:55:00,2019-11-23 14:33:13,3.0,580,41
1957,MU3208,CZ3360,21:05:00,23:55:00,2019-11-24 14:17:41,3.0,580,40
2032,MU3208,CZ3360,21:05:00,23:55:00,2019-11-25 14:08:38,3.0,580,39
2061,MU3208,CZ3360,21:05:00,23:55:00,2019-11-26 13:40:19,3.0,580,38
2124,MU3208,CZ3360,21:05:00,23:55:00,2019-11-27 15:29:09,3.0,580,37
2165,MU3208,CZ3360,21:05:00,23:55:00,2019-11-28 14:37:10,3.0,580,36
2231,MU3208,CZ3360,21:05:00,23:55:00,2019-11-29 14:04:15,3.0,580,35
2311,MU3208,CZ3360,21:05:00,23:55:00,2019-11-30 13:30:20,3.0,580,34
2364,MU3208,CZ3360,21:05:00,23:55:00,2019-12-01 13:11:22,3.0,580,33
2398,MU3208,CZ3360,21:05:00,23:55:00,2019-12-02 13:46:31,3.0,580,32
2467,MU3208,CZ3360,21:05:00,23:55:00,2019-12-03 13:43:50,3.0,580,31
2519,MU3208,CZ3360,21:05:00,23:55:00,2019-12-04 13:40:53,3.0,580,30
2571,MU3208,CZ3360,21:05:00,23:55:00,2019-12-05 13:14:32,3.0,580,29
2647,MU3208,CZ3360,21:05:00,23:55:00,2019-12-08 14:33:07,3.0,580,26
2699,MU3208,CZ3360,21:05:00,23:55:00,2019-12-10 14:18:08,3.0,580,24
2751,MU3208,CZ3360,21:05:00,23:55:00,2019-12-12 13:07:58,3.0,580,22
2800,MU3208,CZ3360,21:05:00,23:55:00,2019-12-13 14:26:18,3.0,580,21
2855,MU3208,CZ3360,21:05:00,23:55:00,2019-12-14 15:39:16,3.0,580,20
2907,MU3208,CZ3360,21:05:00,23:55:00,2019-12-15 13:12:12,3.0,580,19
2959,MU3208,CZ3360,21:05:00,23:55:00,2019-12-16 13:39:33,3.0,580,18
3012,MU3208,CZ3360,21:05:00,23:55:00,2019-12-17 14:32:11,3.0,580,17
3063,MU3208,CZ3360,21:05:00,23:55:00,2019-12-18 15:28:15,3.0,580,16
3115,MU3208,CZ3360,21:05:00,23:55:00,2019-12-19 13:31:03,3.0,580,15
3167,MU3208,CZ3360,21:05:00,23:55:00,2019-12-20 12:09:46,3.0,580,14
3219,MU3208,CZ3360,21:05:00,23:55:00,2019-12-21 17:01:45,3.0,580,13
3271,MU3208,CZ3360,21:05:00,23:55:00,2019-12-22 15:43:13,3.0,580,12
3323,MU3208,CZ3360,21:05:00,23:55:00,2019-12-23 13:54:16,3.0,580,11
3375,MU3208,CZ3360,21:05:00,23:55:00,2019-12-24 14:27:50,3.0,580,10
3427,MU3208,CZ3360,21:05:00,23:55:00,2019-12-25 14:34:08,3.0,580,9
3452,MU3208,CZ3360,21:05:00,23:55:00,2019-12-26 14:25:08,3.0,580,8
3531,MU3208,CZ3360,21:05:00,23:55:00,2019-12-27 11:43:04,3.5,680,7
3558,MU3208,CZ3360,21:05:00,23:55:00,2019-12-28 15:02:54,3.1,600,6
3635,MU3208,CZ3360,21:05:00,23:55:00,2019-12-29 13:06:14,3.1,600,5
3687,MU3208,CZ3360,21:05:00,23:55:00,2019-12-31 15:23:33,3.1,600,3
3739,MU3208,CZ3360,21:05:00,23:55:00,2020-01-02 13:09:44,3.1,600,1
3783,MU3208,CZ3360,21:05:00,23:55:00,2020-01-03 15:19:21,3.1,600,0
3805,MU3208,CZ3360,21:05:00,23:55:00,2020-01-04 15:12:13,3.1,600,0
1723,MU5222,,13:55:00,16:40:00,2019-11-19 14:44:54,3.5,740,45
1772,MU5222,,13:55:00,16:40:00,2019-11-20 15:05:06,3.5,740,44
1819,MU5222,,13:55:00,16:40:00,2019-11-21 15:01:50,3.5,740,43
1872,MU5222,,13:55:00,16:40:00,2019-11-22 14:32:05,2.7,580,42
1940,MU5222,,13:55:00,16:40:00,2019-11-23 14:33:13,3.5,740,41
1980,MU5222,,13:55:00,16:40:00,2019-11-24 14:17:41,3.5,740,40
2004,MU5222,,13:55:00,16:40:00,2019-11-25 14:08:38,3.5,740,39
2085,MU5222,,13:55:00,16:40:00,2019-11-26 13:40:19,3.5,740,38
2148,MU5222,,13:55:00,16:40:00,2019-11-27 15:29:09,3.5,740,37
2189,MU5222,,13:55:00,16:40:00,2019-11-28 14:37:10,3.5,740,36
2241,MU5222,,13:55:00,16:40:00,2019-11-29 14:04:15,3.5,740,35
2287,MU5222,,13:55:00,16:40:00,2019-11-30 13:30:20,3.5,740,34
2340,MU5222,,13:55:00,16:40:00,2019-12-01 13:11:22,3.5,740,33
2373,MU5222,,13:55:00,16:40:00,2019-12-02 13:46:31,3.5,740,32
2444,MU5222,,13:55:00,16:40:00,2019-12-03 13:43:50,3.1,660,31
2495,MU5222,,13:55:00,16:40:00,2019-12-04 13:40:53,3.5,740,30
2547,MU5222,,13:55:00,16:40:00,2019-12-05 13:14:32,3.5,740,29
2599,MU5222,,13:55:00,16:40:00,2019-12-06 14:10:29,3.5,740,28
2623,MU5222,,13:55:00,16:40:00,2019-12-08 14:33:07,3.5,740,26
2675,MU5222,,13:55:00,16:40:00,2019-12-10 14:18:08,3.2,740,24
2727,MU5222,,13:55:00,16:40:00,2019-12-12 13:07:58,2.7,640,22
2807,MU5222,,13:55:00,16:40:00,2019-12-13 14:26:18,2.7,640,21
2831,MU5222,,13:55:00,16:40:00,2019-12-14 15:39:16,2.7,640,20
2883,MU5222,,13:55:00,16:40:00,2019-12-15 13:12:12,2.7,640,19
2935,MU5222,,13:55:00,16:40:00,2019-12-16 13:39:33,2.7,640,18
2988,MU5222,,13:55:00,16:40:00,2019-12-17 14:32:11,2.7,640,17
3039,MU5222,,13:55:00,16:40:00,2019-12-18 15:28:15,2.7,640,16
3091,MU5222,,13:55:00,16:40:00,2019-12-19 13:31:03,1.8,410,15
3143,MU5222,,13:55:00,16:40:00,2019-12-20 12:09:46,1.8,410,14
3195,MU5222,,13:55:00,16:40:00,2019-12-21 17:01:45,1.8,410,13
3247,MU5222,,13:55:00,16:40:00,2019-12-22 15:43:13,1.8,410,12
3299,MU5222,,13:55:00,16:40:00,2019-12-23 13:54:16,2.8,650,11
3351,MU5222,,13:55:00,16:40:00,2019-12-24 14:27:50,2.8,650,10
3403,MU5222,,13:55:00,16:40:00,2019-12-25 14:34:08,2.8,650,9
3466,MU5222,,13:55:00,16:40:00,2019-12-26 14:25:08,1.6,370,8
3507,MU5222,,13:55:00,16:40:00,2019-12-27 11:43:04,2.8,650,7
3584,MU5222,,13:55:00,16:40:00,2019-12-28 15:02:54,2.8,650,6
3611,MU5222,,13:55:00,16:40:00,2019-12-29 13:06:14,2.8,650,5
3663,MU5222,,13:55:00,16:40:00,2019-12-31 15:23:33,2.8,650,3
3715,MU5222,,13:55:00,16:40:00,2020-01-02 13:09:44,2.8,650,1
3763,MU5222,,13:55:00,16:40:00,2020-01-03 15:19:21,5.6,1300,0
1746,MU5296,,07:40:00,10:30:00,2019-11-19 14:44:54,2.5,539,45
1791,MU5296,,07:40:00,10:30:00,2019-11-20 15:05:06,2.5,530,44
1842,MU5296,,07:40:00,10:30:00,2019-11-21 15:01:50,2.5,530,43
1895,MU5296,,07:40:00,10:30:00,2019-11-22 14:32:05,2.5,530,42
1917,MU5296,,07:40:00,10:30:00,2019-11-23 14:33:13,2.5,530,41
1958,MU5296,,07:40:00,10:30:00,2019-11-24 14:17:41,2.5,530,40
2033,MU5296,,07:40:00,10:30:00,2019-11-25 14:08:38,2.5,530,39
2062,MU5296,,07:40:00,10:30:00,2019-11-26 13:40:19,2.5,530,38
2125,MU5296,,07:40:00,10:30:00,2019-11-27 15:29:09,2.5,530,37
2166,MU5296,,07:40:00,10:30:00,2019-11-28 14:37:10,2.5,530,36
2229,MU5296,,07:40:00,10:30:00,2019-11-29 14:04:15,2.5,530,35
2310,MU5296,,07:40:00,10:30:00,2019-11-30 13:30:20,2.5,530,34
2363,MU5296,,07:40:00,10:30:00,2019-12-01 13:11:22,2.5,530,33
2399,MU5296,,07:40:00,10:30:00,2019-12-02 13:46:31,2.8,600,32
2466,MU5296,,07:40:00,10:30:00,2019-12-03 13:43:50,2.8,600,31
2518,MU5296,,07:40:00,10:30:00,2019-12-04 13:40:53,2.6,550,30
2570,MU5296,,07:40:00,10:30:00,2019-12-05 13:14:32,2.6,550,29
2595,MU5296,,07:40:00,10:30:00,2019-12-06 14:10:29,2.6,550,28
2646,MU5296,,07:40:00,10:30:00,2019-12-08 14:33:07,2.6,550,26
2698,MU5296,,07:40:00,10:30:00,2019-12-10 14:18:08,2.3,530,24
2750,MU5296,,07:40:00,10:30:00,2019-12-12 13:07:58,2.5,580,22
2798,MU5296,,07:40:00,10:30:00,2019-12-13 14:26:18,2.1,490,21
2854,MU5296,,07:40:00,10:30:00,2019-12-14 15:39:16,2.1,490,20
2906,MU5296,,07:40:00,10:30:00,2019-12-15 13:12:12,2.1,490,19
2958,MU5296,,07:40:00,10:30:00,2019-12-16 13:39:33,2.1,490,18
3011,MU5296,,07:40:00,10:30:00,2019-12-17 14:32:11,2.1,490,17
3062,MU5296,,07:40:00,10:30:00,2019-12-18 15:28:15,2.1,490,16
3114,MU5296,,07:40:00,10:30:00,2019-12-19 13:31:03,1.7,390,15
3166,MU5296,,07:40:00,10:30:00,2019-12-20 12:09:46,1.7,390,14
3218,MU5296,,07:40:00,10:30:00,2019-12-21 17:01:45,1.7,390,13
3270,MU5296,,07:40:00,10:30:00,2019-12-22 15:43:13,1.7,390,12
3322,MU5296,,07:40:00,10:30:00,2019-12-23 13:54:16,1.7,390,11
3374,MU5296,,07:40:00,10:30:00,2019-12-24 14:27:50,1.5,340,10
3426,MU5296,,07:40:00,10:30:00,2019-12-25 14:34:08,1.5,340,9
3451,MU5296,,07:40:00,10:30:00,2019-12-26 14:25:08,1.4,320,8
3530,MU5296,,07:40:00,10:30:00,2019-12-27 11:43:04,2.5,580,7
3557,MU5296,,07:40:00,10:30:00,2019-12-28 15:02:54,2.6,600,6
3634,MU5296,,07:40:00,10:30:00,2019-12-29 13:06:14,2.6,600,5
3686,MU5296,,07:40:00,10:30:00,2019-12-31 15:23:33,2.6,600,3
3738,MU5296,,07:40:00,10:30:00,2020-01-02 13:09:44,2.6,600,1
3784,MU5296,,07:40:00,10:30:00,2020-01-03 15:19:21,4.4,1030,0
1704,MU5402,,06:30:00,09:20:00,2019-11-19 14:44:54,2.5,536,45
1757,MU5402,,06:30:00,09:20:00,2019-11-20 15:05:06,2.5,530,44
1800,MU5402,,06:30:00,09:20:00,2019-11-21 15:01:50,2.5,530,43
1852,MU5402,,06:30:00,09:20:00,2019-11-22 14:32:05,2.5,530,42
1905,MU5402,,06:30:00,09:20:00,2019-11-23 14:33:13,2.5,530,41
2001,MU5402,,06:30:00,09:20:00,2019-11-24 14:17:41,2.5,530,40
2011,MU5402,,06:30:00,09:20:00,2019-11-25 14:08:38,2.5,530,39
2103,MU5402,,06:30:00,09:20:00,2019-11-26 13:40:19,2.5,530,38
2113,MU5402,,06:30:00,09:20:00,2019-11-27 15:29:09,2.5,530,37
2207,MU5402,,06:30:00,09:20:00,2019-11-28 14:37:10,2.5,530,36
2262,MU5402,,06:30:00,09:20:00,2019-11-29 14:04:15,2.5,530,35
2268,MU5402,,06:30:00,09:20:00,2019-11-30 13:30:20,2.5,530,34
2321,MU5402,,06:30:00,09:20:00,2019-12-01 13:11:22,2.5,530,33
2406,MU5402,,06:30:00,09:20:00,2019-12-02 13:46:31,2.8,600,32
2425,MU5402,,06:30:00,09:20:00,2019-12-03 13:43:50,2.8,600,31
2476,MU5402,,06:30:00,09:15:00,2019-12-04 13:40:53,2.6,550,30
2528,MU5402,,06:30:00,09:15:00,2019-12-05 13:14:32,2.6,550,29
2582,MU5402,,06:30:00,09:15:00,2019-12-06 14:10:29,2.6,550,28
2604,MU5402,,06:30:00,09:15:00,2019-12-08 14:33:07,2.6,550,26
2656,MU5402,,06:30:00,09:15:00,2019-12-10 14:18:08,2.3,530,24
2708,MU5402,,06:30:00,09:15:00,2019-12-12 13:07:58,2.5,580,22
2766,MU5402,,06:30:00,09:15:00,2019-12-13 14:26:18,2.0,470,21
2812,MU5402,,06:30:00,09:15:00,2019-12-14 15:39:16,2.0,470,20
2864,MU5402,,06:30:00,09:15:00,2019-12-15 13:12:12,2.0,470,19
2916,MU5402,,06:30:00,09:15:00,2019-12-16 13:39:33,2.0,470,18
2969,MU5402,,06:30:00,09:15:00,2019-12-17 14:32:11,2.0,470,17
3020,MU5402,,06:30:00,09:15:00,2019-12-18 15:28:15,2.0,470,16
3072,MU5402,,06:30:00,09:15:00,2019-12-19 13:31:03,1.6,381,15
3124,MU5402,,06:30:00,09:15:00,2019-12-20 12:09:46,1.6,380,14
3176,MU5402,,06:30:00,09:15:00,2019-12-21 17:01:45,1.7,387,13
3228,MU5402,,06:30:00,09:15:00,2019-12-22 15:43:13,1.6,380,12
3280,MU5402,,06:30:00,09:15:00,2019-12-23 13:54:16,1.6,380,11
3332,MU5402,,06:30:00,09:15:00,2019-12-24 14:27:50,1.4,330,10
3380,MU5402,,06:30:00,09:15:00,2019-12-25 14:34:08,1.4,330,9
3434,MU5402,,06:30:00,09:15:00,2019-12-26 14:25:08,1.3,310,8
3488,MU5402,,06:30:00,09:15:00,2019-12-27 11:43:04,1.4,318,7
3565,MU5402,,06:30:00,09:15:00,2019-12-28 15:02:54,2.6,600,6
3593,MU5402,,06:30:00,09:15:00,2019-12-29 13:06:14,2.6,600,5
3643,MU5402,,06:30:00,09:15:00,2019-12-31 15:23:33,2.6,600,3
3697,MU5402,,06:30:00,09:15:00,2020-01-02 13:09:44,2.6,600,1
3748,MU5402,,06:30:00,09:15:00,2020-01-03 15:19:21,2.6,600,0
1737,MU5414,,15:55:00,18:40:00,2019-11-19 14:44:54,4.4,930,45
1782,MU5414,,15:55:00,18:40:00,2019-11-20 15:05:06,4.4,930,44
1833,MU5414,,15:55:00,18:40:00,2019-11-21 15:01:50,4.4,930,43
1886,MU5414,,15:55:00,18:40:00,2019-11-22 14:32:05,4.4,930,42
1926,MU5414,,15:55:00,18:40:00,2019-11-23 14:33:13,4.4,930,41
1952,MU5414,,15:55:00,18:40:00,2019-11-24 14:17:41,4.4,930,40
2042,MU5414,,15:55:00,18:40:00,2019-11-25 14:08:38,4.4,930,39
2071,MU5414,,15:55:00,18:40:00,2019-11-26 13:40:19,4.4,930,38
2134,MU5414,,15:55:00,18:40:00,2019-11-27 15:29:09,4.4,930,37
2175,MU5414,,15:55:00,18:40:00,2019-11-28 14:37:10,4.4,930,36
2220,MU5414,,15:55:00,18:40:00,2019-11-29 14:04:15,4.4,930,35
2301,MU5414,,15:55:00,18:40:00,2019-11-30 13:30:20,4.4,930,34
2354,MU5414,,15:55:00,18:40:00,2019-12-01 13:11:22,4.4,930,33
2381,MU5414,,15:55:00,18:40:00,2019-12-02 13:46:31,4.4,930,32
2458,MU5414,,15:55:00,18:40:00,2019-12-03 13:43:50,4.4,930,31
2509,MU5414,,15:55:00,18:40:00,2019-12-04 13:40:53,4.4,930,30
2561,MU5414,,15:55:00,18:40:00,2019-12-05 13:14:32,4.4,930,29
2590,MU5414,,15:55:00,18:40:00,2019-12-06 14:10:29,4.4,930,28
2637,MU5414,,15:55:00,18:40:00,2019-12-08 14:33:07,4.4,930,26
2689,MU5414,,15:55:00,18:40:00,2019-12-10 14:18:08,4.0,930,24
2741,MU5414,,15:55:00,18:40:00,2019-12-12 13:07:58,2.7,640,22
2786,MU5414,,15:55:00,18:40:00,2019-12-13 14:26:18,2.7,640,21
2845,MU5414,,15:55:00,18:40:00,2019-12-14 15:39:16,2.7,640,20
2897,MU5414,,15:55:00,18:40:00,2019-12-15 13:12:12,2.7,640,19
2949,MU5414,,15:55:00,18:40:00,2019-12-16 13:39:33,2.7,640,18
3002,MU5414,,15:55:00,18:40:00,2019-12-17 14:32:11,2.7,640,17
3053,MU5414,,15:55:00,18:40:00,2019-12-18 15:28:15,2.7,640,16
3105,MU5414,,15:55:00,18:40:00,2019-12-19 13:31:03,1.8,410,15
3157,MU5414,,15:55:00,18:40:00,2019-12-20 12:09:46,1.8,410,14
3209,MU5414,,15:55:00,18:40:00,2019-12-21 17:01:45,1.8,410,13
3261,MU5414,,15:55:00,18:40:00,2019-12-22 15:43:13,1.8,410,12
3313,MU5414,,15:55:00,18:40:00,2019-12-23 13:54:16,1.8,410,11
3365,MU5414,,15:55:00,18:40:00,2019-12-24 14:27:50,1.6,380,10
3417,MU5414,,15:55:00,18:40:00,2019-12-25 14:34:08,2.8,650,9
3442,MU5414,,15:55:00,18:40:00,2019-12-26 14:25:08,1.6,370,8
3521,MU5414,,15:55:00,18:40:00,2019-12-27 11:43:04,2.8,650,7
3548,MU5414,,15:55:00,18:40:00,2019-12-28 15:02:54,2.8,650,6
3625,MU5414,,15:55:00,18:40:00,2019-12-29 13:06:14,2.8,650,5
3677,MU5414,,15:55:00,18:40:00,2019-12-31 15:23:33,2.8,650,3
3729,MU5414,,15:55:00,18:40:00,2020-01-02 13:09:44,2.8,650,1
3777,MU5414,,15:55:00,18:40:00,2020-01-03 15:19:21,2.8,650,0
1716,MU5416,,17:00:00,20:00:00,2019-11-19 14:44:54,3.5,740,45
1766,MU5416,,17:00:00,20:00:00,2019-11-20 15:05:06,3.5,740,44
1812,MU5416,,17:00:00,20:00:00,2019-11-21 15:01:50,3.5,740,43
1865,MU5416,,17:00:00,20:00:00,2019-11-22 14:32:05,3.5,740,42
1947,MU5416,,17:00:00,20:00:00,2019-11-23 14:33:13,3.5,740,41
1987,MU5416,,17:00:00,20:00:00,2019-11-24 14:17:41,3.5,740,40
2022,MU5416,,17:00:00,20:00:00,2019-11-25 14:08:38,3.5,740,39
2092,MU5416,,17:00:00,20:00:00,2019-11-26 13:40:19,3.5,740,38
2155,MU5416,,17:00:00,20:00:00,2019-11-27 15:29:09,3.5,740,37
2196,MU5416,,17:00:00,20:00:00,2019-11-28 14:37:10,3.5,740,36
2249,MU5416,,17:00:00,20:00:00,2019-11-29 14:04:15,3.5,740,35
2280,MU5416,,17:00:00,20:00:00,2019-11-30 13:30:20,3.5,740,34
2333,MU5416,,17:00:00,20:00:00,2019-12-01 13:11:22,3.5,740,33
2418,MU5416,,17:00:00,20:00:00,2019-12-02 13:46:31,3.5,740,32
2437,MU5416,,17:00:00,20:00:00,2019-12-03 13:43:50,3.5,740,31
2488,MU5416,,17:00:00,20:00:00,2019-12-04 13:40:53,3.5,740,30
2540,MU5416,,17:00:00,20:00:00,2019-12-05 13:14:32,3.5,740,29
2589,MU5416,,17:00:00,20:00:00,2019-12-06 14:10:29,3.5,740,28
2616,MU5416,,17:00:00,20:00:00,2019-12-08 14:33:07,3.5,740,26
2668,MU5416,,17:00:00,20:00:00,2019-12-10 14:18:08,3.2,740,24
2720,MU5416,,17:00:00,20:00:00,2019-12-12 13:07:58,2.7,640,22
2784,MU5416,,17:00:00,20:00:00,2019-12-13 14:26:18,2.7,640,21
2824,MU5416,,17:00:00,20:00:00,2019-12-14 15:39:16,2.7,640,20
2876,MU5416,,17:00:00,20:00:00,2019-12-15 13:12:12,2.7,640,19
2928,MU5416,,17:00:00,20:00:00,2019-12-16 13:39:33,2.7,640,18
2981,MU5416,,17:00:00,20:00:00,2019-12-17 14:32:11,2.7,640,17
3032,MU5416,,17:00:00,20:00:00,2019-12-18 15:28:15,2.7,640,16
3084,MU5416,,17:00:00,20:00:00,2019-12-19 13:31:03,1.8,410,15
3136,MU5416,,17:00:00,20:00:00,2019-12-20 12:09:46,1.8,410,14
3188,MU5416,,17:00:00,20:00:00,2019-12-21 17:01:45,1.8,410,13
3240,MU5416,,17:00:00,20:00:00,2019-12-22 15:43:13,1.8,410,12
3292,MU5416,,17:00:00,20:00:00,2019-12-23 13:54:16,1.8,410,11
3344,MU5416,,17:00:00,20:00:00,2019-12-24 14:27:50,2.8,650,10
3396,MU5416,,17:00:00,20:00:00,2019-12-25 14:34:08,2.8,650,9
3474,MU5416,,17:00:00,20:00:00,2019-12-26 14:25:08,1.6,370,8
3500,MU5416,,17:00:00,20:00:00,2019-12-27 11:43:04,2.8,650,7
3577,MU5416,,17:15:00,20:00:00,2019-12-28 15:02:54,2.8,650,6
3604,MU5416,,17:15:00,20:00:00,2019-12-29 13:06:14,2.8,650,5
3656,MU5416,,17:15:00,20:00:00,2019-12-31 15:23:33,2.8,650,3
3708,MU5416,,17:15:00,20:00:00,2020-01-02 13:09:44,2.8,650,1
3759,MU5416,,17:15:00,20:00:00,2020-01-03 15:19:21,2.8,650,0
3799,MU5416,,17:15:00,20:00:00,2020-01-04 15:12:13,1.4,330,0
1709,TV6258,CA1948,12:20:00,15:15:00,2019-11-19 14:44:54,4.9,1040,45
1761,TV6258,CA1948,12:20:00,15:15:00,2019-11-20 15:05:06,4.9,1040,44
1805,TV6258,CA1948,12:20:00,15:15:00,2019-11-21 15:01:50,4.9,1040,43
1857,TV6258,CA1948,12:20:00,15:15:00,2019-11-22 14:32:05,3.0,640,42
1910,TV6258,CA1948,12:20:00,15:15:00,2019-11-23 14:33:13,3.0,640,41
1995,TV6258,CA1948,12:20:00,15:15:00,2019-11-24 14:17:41,3.0,640,40
2006,TV6258,CA1948,12:20:00,15:15:00,2019-11-25 14:08:38,4.1,860,39
2098,TV6258,CA1948,12:20:00,15:15:00,2019-11-26 13:40:19,4.1,860,38
2118,TV6258,CA1948,12:20:00,15:15:00,2019-11-27 15:29:09,4.1,860,37
2203,TV6258,CA1948,12:20:00,15:15:00,2019-11-28 14:37:10,4.1,860,36
2257,TV6258,CA1948,12:20:00,15:15:00,2019-11-29 14:04:15,4.1,860,35
2273,TV6258,CA1948,12:20:00,15:15:00,2019-11-30 13:30:20,4.1,860,34
2326,TV6258,CA1948,12:20:00,15:15:00,2019-12-01 13:11:22,4.1,860,33
2411,TV6258,CA1948,12:20:00,15:15:00,2019-12-02 13:46:31,4.1,860,32
2430,TV6258,CA1948,12:20:00,15:15:00,2019-12-03 13:43:50,3.0,640,31
2481,TV6258,CA1948,12:20:00,15:15:00,2019-12-04 13:40:53,3.0,640,30
2533,TV6258,CA1948,12:20:00,15:15:00,2019-12-05 13:14:32,3.0,640,29
2609,TV6258,CA1948,12:20:00,15:15:00,2019-12-08 14:33:07,3.0,640,26
2661,TV6258,CA1948,12:20:00,15:15:00,2019-12-10 14:18:08,2.5,530,24
2713,TV6258,CA1948,12:20:00,15:15:00,2019-12-12 13:07:58,2.5,530,22
2775,TV6258,CA1948,12:20:00,15:15:00,2019-12-13 14:26:18,3.0,640,21
2817,TV6258,CA1948,12:20:00,15:15:00,2019-12-14 15:39:16,2.5,530,20
2869,TV6258,CA1948,12:20:00,15:15:00,2019-12-15 13:12:12,2.5,530,19
2921,TV6258,CA1948,12:20:00,15:15:00,2019-12-16 13:39:33,2.5,530,18
2974,TV6258,CA1948,12:20:00,15:15:00,2019-12-17 14:32:11,3.0,640,17
3025,TV6258,CA1948,12:20:00,15:15:00,2019-12-18 15:28:15,3.0,640,16
3077,TV6258,CA1948,12:20:00,15:15:00,2019-12-19 13:31:03,3.0,640,15
3129,TV6258,CA1948,12:20:00,15:15:00,2019-12-20 12:09:46,2.8,600,14
3181,TV6258,CA1948,12:20:00,15:15:00,2019-12-21 17:01:45,2.6,550,13
3233,TV6258,CA1948,12:20:00,15:15:00,2019-12-22 15:43:13,2.6,550,12
3285,TV6258,CA1948,12:20:00,15:15:00,2019-12-23 13:54:16,2.0,420,11
3337,TV6258,CA1948,12:20:00,15:15:00,2019-12-24 14:27:50,1.8,380,10
3389,TV6258,CA1948,12:20:00,15:15:00,2019-12-25 14:34:08,1.8,380,9
3481,TV6258,CA1948,12:20:00,15:15:00,2019-12-26 14:25:08,1.8,380,8
3493,TV6258,CA1948,12:20:00,15:15:00,2019-12-27 11:43:04,1.8,380,7
3570,TV6258,CA1948,12:20:00,15:15:00,2019-12-28 15:02:54,3.1,650,6
3598,TV6258,CA1948,12:20:00,15:15:00,2019-12-29 13:06:14,3.1,650,5
3648,TV6258,CA1948,12:20:00,15:15:00,2019-12-31 15:23:33,3.1,650,3
3702,TV6258,CA1948,12:20:00,15:15:00,2020-01-02 13:09:44,3.1,650,1
3753,TV6258,CA1948,12:20:00,15:15:00,2020-01-03 15:19:21,3.1,650,0
1743,TV6260,CA1950,21:00:00,23:55:00,2019-11-19 14:44:54,4.9,1040,45
1788,TV6260,CA1950,21:00:00,23:55:00,2019-11-20 15:05:06,4.9,1040,44
1839,TV6260,CA1950,21:00:00,23:55:00,2019-11-21 15:01:50,4.9,1040,43
1892,TV6260,CA1950,21:00:00,23:55:00,2019-11-22 14:32:05,2.4,500,42
1920,TV6260,CA1950,21:00:00,23:55:00,2019-11-23 14:33:13,2.4,500,41
1961,TV6260,CA1950,21:00:00,23:55:00,2019-11-24 14:17:41,2.4,500,40
2036,TV6260,CA1950,21:00:00,23:55:00,2019-11-25 14:08:38,2.4,500,39
2065,TV6260,CA1950,21:00:00,23:55:00,2019-11-26 13:40:19,2.4,500,38
2128,TV6260,CA1950,21:00:00,23:55:00,2019-11-27 15:29:09,2.4,500,37
2169,TV6260,CA1950,21:00:00,23:55:00,2019-11-28 14:37:10,2.4,500,36
2226,TV6260,CA1950,21:00:00,23:55:00,2019-11-29 14:04:15,2.4,500,35
2307,TV6260,CA1950,21:00:00,23:55:00,2019-11-30 13:30:20,2.4,500,34
2360,TV6260,CA1950,21:00:00,23:55:00,2019-12-01 13:11:22,2.4,500,33
2402,TV6260,CA1950,21:00:00,23:55:00,2019-12-02 13:46:31,2.5,540,32
2464,TV6260,CA1950,21:00:00,23:55:00,2019-12-03 13:43:50,2.4,500,31
2515,TV6260,CA1950,21:00:00,23:55:00,2019-12-04 13:40:53,2.4,500,30
2567,TV6260,CA1950,21:00:00,23:55:00,2019-12-05 13:14:32,2.4,500,29
2643,TV6260,CA1950,21:00:00,23:55:00,2019-12-08 14:33:07,2.4,500,26
2695,TV6260,CA1950,21:00:00,23:55:00,2019-12-10 14:18:08,2.4,500,24
2747,TV6260,CA1950,21:00:00,23:55:00,2019-12-12 13:07:58,2.4,500,22
2793,TV6260,CA1950,21:00:00,23:55:00,2019-12-13 14:26:18,2.4,500,21
2851,TV6260,CA1950,21:00:00,23:55:00,2019-12-14 15:39:16,2.4,500,20
2903,TV6260,CA1950,21:00:00,23:55:00,2019-12-15 13:12:12,2.4,500,19
2955,TV6260,CA1950,21:00:00,23:55:00,2019-12-16 13:39:33,2.4,500,18
3008,TV6260,CA1950,21:00:00,23:55:00,2019-12-17 14:32:11,2.4,500,17
3059,TV6260,CA1950,21:00:00,23:55:00,2019-12-18 15:28:15,2.3,495,16
3111,TV6260,CA1950,21:00:00,23:55:00,2019-12-19 13:31:03,2.2,460,15
3163,TV6260,CA1950,21:00:00,23:55:00,2019-12-20 12:09:46,1.8,390,14
3215,TV6260,CA1950,21:00:00,23:55:00,2019-12-21 17:01:45,1.8,390,13
3267,TV6260,CA1950,21:00:00,23:55:00,2019-12-22 15:43:13,1.8,390,12
3319,TV6260,CA1950,21:00:00,23:55:00,2019-12-23 13:54:16,1.8,390,11
3371,TV6260,CA1950,21:00:00,23:55:00,2019-12-24 14:27:50,1.7,350,10
3423,TV6260,CA1950,21:00:00,23:55:00,2019-12-25 14:34:08,1.6,330,9
3448,TV6260,CA1950,21:00:00,23:55:00,2019-12-26 14:25:08,1.6,330,8
3527,TV6260,CA1950,21:00:00,23:55:00,2019-12-27 11:43:04,1.6,330,7
3554,TV6260,CA1950,21:00:00,23:55:00,2019-12-28 15:02:54,2.8,600,6
3631,TV6260,CA1950,21:00:00,23:55:00,2019-12-29 13:06:14,2.8,600,5
3683,TV6260,CA1950,21:00:00,23:55:00,2019-12-31 15:23:33,2.8,600,3
3735,TV6260,CA1950,21:00:00,23:55:00,2020-01-02 13:09:44,2.8,600,1
3787,TV6260,CA1950,21:00:00,23:55:00,2020-01-03 15:19:21,2.8,600,0
3809,TV6260,CA1950,21:00:00,23:55:00,2020-01-04 15:12:13,1.5,309,0
1730,TV6431,CA4503,08:05:00,10:45:00,2019-11-19 14:44:54,4.9,1040,45
1776,TV6431,CA4503,08:05:00,10:45:00,2019-11-20 15:05:06,4.9,1040,44
1826,TV6431,CA4503,08:05:00,10:45:00,2019-11-21 15:01:50,4.9,1040,43
1879,TV6431,CA4503,08:05:00,10:45:00,2019-11-22 14:32:05,2.5,530,42
1933,TV6431,CA4503,08:05:00,10:45:00,2019-11-23 14:33:13,2.5,530,41
1973,TV6431,CA4503,08:05:00,10:45:00,2019-11-24 14:17:41,2.5,530,40
2049,TV6431,CA4503,08:05:00,10:45:00,2019-11-25 14:08:38,2.5,530,39
2078,TV6431,CA4503,08:05:00,10:45:00,2019-11-26 13:40:19,2.5,530,38
2141,TV6431,CA4503,08:05:00,10:45:00,2019-11-27 15:29:09,2.5,530,37
2182,TV6431,CA4503,08:00:00,10:45:00,2019-11-28 14:37:10,2.5,530,36
2213,TV6431,CA4503,08:00:00,10:45:00,2019-11-29 14:04:15,2.5,530,35
2294,TV6431,CA4503,08:00:00,10:45:00,2019-11-30 13:30:20,2.3,490,34
2347,TV6431,CA4503,08:00:00,10:45:00,2019-12-01 13:11:22,2.3,490,33
2388,TV6431,CA4503,08:00:00,10:45:00,2019-12-02 13:46:31,2.3,490,32
2451,TV6431,CA4503,08:00:00,10:45:00,2019-12-03 13:43:50,2.3,490,31
2502,TV6431,CA4503,08:00:00,10:45:00,2019-12-04 13:40:53,2.3,490,30
2554,TV6431,CA4503,08:00:00,10:45:00,2019-12-05 13:14:32,2.3,490,29
2630,TV6431,CA4503,08:00:00,10:45:00,2019-12-08 14:33:07,2.3,490,26
2682,TV6431,CA4503,08:00:00,10:45:00,2019-12-10 14:18:08,2.3,490,24
2734,TV6431,CA4503,08:00:00,10:45:00,2019-12-12 13:07:58,2.3,490,22
2767,TV6431,CA4503,08:00:00,10:45:00,2019-12-13 14:26:18,2.8,595,21
2838,TV6431,CA4503,08:00:00,10:45:00,2019-12-14 15:39:16,2.8,600,20
2890,TV6431,CA4503,08:00:00,10:45:00,2019-12-15 13:12:12,2.8,600,19
2942,TV6431,CA4503,08:00:00,10:45:00,2019-12-16 13:39:33,2.8,600,18
2995,TV6431,CA4503,08:00:00,10:45:00,2019-12-17 14:32:11,2.3,490,17
3046,TV6431,CA4503,08:00:00,10:45:00,2019-12-18 15:28:15,2.3,485,16
3098,TV6431,CA4503,08:00:00,10:45:00,2019-12-19 13:31:03,2.2,460,15
3150,TV6431,CA4503,08:00:00,10:45:00,2019-12-20 12:09:46,1.8,390,14
3202,TV6431,CA4503,08:00:00,10:45:00,2019-12-21 17:01:45,1.8,390,13
3254,TV6431,CA4503,08:00:00,10:45:00,2019-12-22 15:43:13,1.8,390,12
3306,TV6431,CA4503,08:00:00,10:45:00,2019-12-23 13:54:16,1.8,390,11
3358,TV6431,CA4503,08:00:00,10:45:00,2019-12-24 14:27:50,1.7,350,10
3410,TV6431,CA4503,08:00:00,10:45:00,2019-12-25 14:34:08,1.7,350,9
3435,TV6431,CA4503,08:00:00,10:45:00,2019-12-26 14:25:08,1.7,350,8
3514,TV6431,CA4503,08:00:00,10:45:00,2019-12-27 11:43:04,1.7,350,7
3541,TV6431,CA4503,08:00:00,10:45:00,2019-12-28 15:02:54,2.8,600,6
3618,TV6431,CA4503,08:00:00,10:45:00,2019-12-29 13:06:14,2.8,600,5
3670,TV6431,CA4503,08:00:00,10:45:00,2019-12-31 15:23:33,2.8,600,3
3722,TV6431,CA4503,08:00:00,10:45:00,2020-01-02 13:09:44,2.8,600,1
3770,TV6431,CA4503,08:00:00,10:45:00,2020-01-03 15:19:21,2.8,600,0
1724,TV6439,CA4513,10:20:00,13:15:00,2019-11-19 14:44:54,4.9,1040,45
1773,TV6439,CA4513,10:20:00,13:15:00,2019-11-20 15:05:06,4.9,1040,44
1820,TV6439,CA4513,10:20:00,13:15:00,2019-11-21 15:01:50,4.9,1040,43
1873,TV6439,CA4513,10:20:00,13:15:00,2019-11-22 14:32:05,4.9,1040,42
1939,TV6439,CA4513,10:20:00,13:15:00,2019-11-23 14:33:13,4.9,1040,41
1979,TV6439,CA4513,10:20:00,13:15:00,2019-11-24 14:17:41,4.9,1040,40
2055,TV6439,CA4513,10:20:00,13:15:00,2019-11-25 14:08:38,4.9,1040,39
2084,TV6439,CA4513,10:20:00,13:15:00,2019-11-26 13:40:19,4.9,1040,38
2147,TV6439,CA4513,10:20:00,13:15:00,2019-11-27 15:29:09,4.9,1040,37
2188,TV6439,CA4513,10:20:00,13:15:00,2019-11-28 14:37:10,4.9,1040,36
2240,TV6439,CA4513,10:20:00,13:15:00,2019-11-29 14:04:15,4.6,970,35
2288,TV6439,CA4513,10:20:00,13:15:00,2019-11-30 13:30:20,4.6,970,34
2341,TV6439,CA4513,10:20:00,13:15:00,2019-12-01 13:11:22,4.6,970,33
2374,TV6439,CA4513,10:20:00,13:15:00,2019-12-02 13:46:31,4.6,970,32
2445,TV6439,CA4513,10:20:00,13:15:00,2019-12-03 13:43:50,2.9,620,31
2496,TV6439,CA4513,10:20:00,13:15:00,2019-12-04 13:40:53,2.9,620,30
2548,TV6439,CA4513,10:20:00,13:15:00,2019-12-05 13:14:32,2.9,620,29
2624,TV6439,CA4513,10:20:00,13:15:00,2019-12-08 14:33:07,2.5,530,26
2676,TV6439,CA4513,10:20:00,13:15:00,2019-12-10 14:18:08,2.5,530,24
2728,TV6439,CA4513,10:20:00,13:15:00,2019-12-12 13:07:58,2.5,530,22
2756,TV6439,CA4513,10:20:00,13:15:00,2019-12-13 14:26:18,2.5,530,21
2832,TV6439,CA4513,10:20:00,13:15:00,2019-12-14 15:39:16,2.5,530,20
2884,TV6439,CA4513,10:20:00,13:15:00,2019-12-15 13:12:12,2.5,530,19
2936,TV6439,CA4513,10:20:00,13:15:00,2019-12-16 13:39:33,2.5,530,18
2989,TV6439,CA4513,10:20:00,13:15:00,2019-12-17 14:32:11,2.5,530,17
3040,TV6439,CA4513,10:20:00,13:15:00,2019-12-18 15:28:15,2.5,530,16
3092,TV6439,CA4513,10:20:00,13:15:00,2019-12-19 13:31:03,2.5,530,15
3144,TV6439,CA4513,10:20:00,13:15:00,2019-12-20 12:09:46,2.8,600,14
3196,TV6439,CA4513,10:20:00,13:15:00,2019-12-21 17:01:45,2.4,510,13
3248,TV6439,CA4513,10:20:00,13:15:00,2019-12-22 15:43:13,2.4,510,12
3300,TV6439,CA4513,10:20:00,13:15:00,2019-12-23 13:54:16,2.0,420,11
3352,TV6439,CA4513,10:20:00,13:15:00,2019-12-24 14:27:50,1.8,380,10
3404,TV6439,CA4513,10:20:00,13:15:00,2019-12-25 14:34:08,1.8,380,9
3465,TV6439,CA4513,10:20:00,13:15:00,2019-12-26 14:25:08,1.8,380,8
3508,TV6439,CA4513,10:20:00,13:15:00,2019-12-27 11:43:04,1.8,380,7
3585,TV6439,CA4513,10:20:00,13:15:00,2019-12-28 15:02:54,3.1,650,6
3612,TV6439,CA4513,10:20:00,13:15:00,2019-12-29 13:06:14,3.1,650,5
3664,TV6439,CA4513,10:20:00,13:15:00,2019-12-31 15:23:33,3.1,650,3
3716,TV6439,CA4513,10:20:00,13:15:00,2020-01-02 13:09:44,3.1,650,1
3764,TV6439,CA4513,10:20:00,13:15:00,2020-01-03 15:19:21,3.1,650,0
1731,TV6455,CA4535,17:25:00,20:15:00,2019-11-19 14:44:54,4.9,1040,45
1777,TV6455,CA4535,17:25:00,20:15:00,2019-11-20 15:05:06,4.9,1040,44
1827,TV6455,CA4535,17:25:00,20:15:00,2019-11-21 15:01:50,4.9,1040,43
1880,TV6455,CA4535,17:25:00,20:15:00,2019-11-22 14:32:05,4.9,1040,42
1932,TV6455,CA4535,17:25:00,20:15:00,2019-11-23 14:33:13,4.9,1040,41
1972,TV6455,CA4535,17:25:00,20:15:00,2019-11-24 14:17:41,4.9,1040,40
2048,TV6455,CA4535,17:25:00,20:15:00,2019-11-25 14:08:38,4.9,1040,39
2077,TV6455,CA4535,17:25:00,20:15:00,2019-11-26 13:40:19,4.9,1040,38
2140,TV6455,CA4535,17:25:00,20:15:00,2019-11-27 15:29:09,4.9,1040,37
2181,TV6455,CA4535,17:25:00,20:15:00,2019-11-28 14:37:10,4.9,1040,36
2214,TV6455,CA4535,17:25:00,20:15:00,2019-11-29 14:04:15,4.6,970,35
2295,TV6455,CA4535,17:25:00,20:15:00,2019-11-30 13:30:20,4.6,970,34
2348,TV6455,CA4535,17:25:00,20:15:00,2019-12-01 13:11:22,4.6,970,33
2387,TV6455,CA4535,17:25:00,20:15:00,2019-12-02 13:46:31,4.6,970,32
2452,TV6455,CA4535,17:25:00,20:15:00,2019-12-03 13:43:50,2.9,620,31
2503,TV6455,CA4535,17:25:00,20:15:00,2019-12-04 13:40:53,2.9,620,30
2555,TV6455,CA4535,17:25:00,20:15:00,2019-12-05 13:14:32,2.9,620,29
2631,TV6455,CA4535,17:25:00,20:15:00,2019-12-08 14:33:07,2.5,540,26
2683,TV6455,CA4535,17:25:00,20:15:00,2019-12-10 14:18:08,2.5,540,24
2735,TV6455,CA4535,17:25:00,20:15:00,2019-12-12 13:07:58,2.9,620,22
2769,TV6455,CA4535,17:25:00,20:15:00,2019-12-13 14:26:18,2.9,620,21
2839,TV6455,CA4535,17:25:00,20:15:00,2019-12-14 15:39:16,2.5,540,20
2891,TV6455,CA4535,17:25:00,20:15:00,2019-12-15 13:12:12,2.5,540,19
2943,TV6455,CA4535,17:25:00,20:15:00,2019-12-16 13:39:33,2.5,540,18
2996,TV6455,CA4535,17:25:00,20:15:00,2019-12-17 14:32:11,2.5,540,17
3047,TV6455,CA4535,17:25:00,20:15:00,2019-12-18 15:28:15,2.5,535,16
3099,TV6455,CA4535,17:25:00,20:15:00,2019-12-19 13:31:03,2.5,520,15
3151,TV6455,CA4535,17:25:00,20:15:00,2019-12-20 12:09:46,2.8,600,14
3203,TV6455,CA4535,17:25:00,20:15:00,2019-12-21 17:01:45,2.6,550,13
3255,TV6455,CA4535,17:25:00,20:15:00,2019-12-22 15:43:13,2.6,550,12
3307,TV6455,CA4535,17:25:00,20:15:00,2019-12-23 13:54:16,2.0,420,11
3359,TV6455,CA4535,17:25:00,20:15:00,2019-12-24 14:27:50,1.8,380,10
3411,TV6455,CA4535,17:25:00,20:15:00,2019-12-25 14:34:08,1.8,380,9
3436,TV6455,CA4535,17:25:00,20:15:00,2019-12-26 14:25:08,1.8,380,8
3515,TV6455,CA4535,17:25:00,20:15:00,2019-12-27 11:43:04,1.8,380,7
3542,TV6455,CA4535,17:25:00,20:15:00,2019-12-28 15:02:54,3.1,650,6
3619,TV6455,CA4535,17:25:00,20:15:00,2019-12-29 13:06:14,3.1,650,5
3671,TV6455,CA4535,17:25:00,20:15:00,2019-12-31 15:23:33,3.1,650,3
3723,TV6455,CA4535,17:25:00,20:15:00,2020-01-02 13:09:44,3.1,650,1
3771,TV6455,CA4535,17:25:00,20:15:00,2020-01-03 15:19:21,3.1,650,0
3811,TV6455,CA4535,17:25:00,20:15:00,2020-01-04 15:12:13,1.6,330,0
1722,Y87476,HU7476,08:00:00,10:40:00,2019-11-19 14:44:54,4.8,1020,45
1771,Y87476,HU7476,08:00:00,10:40:00,2019-11-20 15:05:06,4.8,1010,44
1818,Y87476,HU7476,08:00:00,10:40:00,2019-11-21 15:01:50,4.2,890,43
1871,Y87476,HU7476,08:00:00,10:40:00,2019-11-22 14:32:05,4.2,880,42
1941,Y87476,HU7476,08:00:00,10:40:00,2019-11-23 14:33:13,3.0,640,41
1981,Y87476,HU7476,08:00:00,10:40:00,2019-11-24 14:17:41,3.0,640,40
2016,Y87476,HU7476,08:00:00,10:40:00,2019-11-25 14:08:38,3.0,640,39
2086,Y87476,HU7476,08:00:00,10:40:00,2019-11-26 13:40:19,3.0,640,38
2149,Y87476,HU7476,08:00:00,10:40:00,2019-11-27 15:29:09,3.0,640,37
2190,Y87476,HU7476,08:00:00,10:40:00,2019-11-28 14:37:10,3.0,640,36
2242,Y87476,HU7476,08:00:00,10:40:00,2019-11-29 14:04:15,3.0,640,35
2286,Y87476,HU7476,08:00:00,10:40:00,2019-11-30 13:30:20,3.0,640,34
2339,Y87476,HU7476,08:00:00,10:40:00,2019-12-01 13:11:22,3.0,640,33
2372,Y87476,HU7476,08:00:00,10:40:00,2019-12-02 13:46:31,3.0,640,32
2443,Y87476,HU7476,08:00:00,10:40:00,2019-12-03 13:43:50,3.0,640,31
2494,Y87476,HU7476,08:00:00,10:40:00,2019-12-04 13:40:53,2.5,530,30
2546,Y87476,HU7476,08:00:00,10:40:00,2019-12-05 13:14:32,2.5,530,29
2622,Y87476,HU7476,08:00:00,10:40:00,2019-12-08 14:33:07,2.5,530,26
2674,Y87476,HU7476,08:00:00,10:40:00,2019-12-10 14:18:08,2.5,530,24
2726,Y87476,HU7476,08:00:00,10:40:00,2019-12-12 13:07:58,2.5,530,22
2803,Y87476,HU7476,08:00:00,10:40:00,2019-12-13 14:26:18,3.0,630,21
2830,Y87476,HU7476,08:00:00,10:40:00,2019-12-14 15:39:16,3.0,640,20
2882,Y87476,HU7476,08:00:00,10:40:00,2019-12-15 13:12:12,3.0,640,19
2934,Y87476,HU7476,08:00:00,10:40:00,2019-12-16 13:39:33,3.0,640,18
2987,Y87476,HU7476,08:00:00,10:40:00,2019-12-17 14:32:11,7.6,1610,17
3038,Y87476,HU7476,08:00:00,10:40:00,2019-12-18 15:28:15,3.0,640,16
3090,Y87476,HU7476,08:00:00,10:40:00,2019-12-19 13:31:03,3.0,640,15
3142,Y87476,HU7476,08:00:00,10:40:00,2019-12-20 12:09:46,2.5,530,14
3194,Y87476,HU7476,08:00:00,10:40:00,2019-12-21 17:01:45,2.5,530,13
3246,Y87476,HU7476,08:00:00,10:40:00,2019-12-22 15:43:13,2.2,470,12
3298,Y87476,HU7476,08:00:00,10:40:00,2019-12-23 13:54:16,2.2,470,11
3350,Y87476,HU7476,08:00:00,10:40:00,2019-12-24 14:27:50,7.6,1610,10
3402,Y87476,HU7476,08:00:00,10:40:00,2019-12-25 14:34:08,7.6,1610,9
3467,Y87476,HU7476,08:00:00,10:40:00,2019-12-26 14:25:08,7.6,1610,8
3506,Y87476,HU7476,08:00:00,10:40:00,2019-12-27 11:43:04,7.6,1610,7
3583,Y87476,HU7476,08:00:00,10:40:00,2019-12-28 15:02:54,2.2,470,6
3610,Y87476,HU7476,08:00:00,10:40:00,2019-12-29 13:06:14,2.2,470,5
3662,Y87476,HU7476,08:00:00,10:40:00,2019-12-31 15:23:33,4.8,1020,3
3714,Y87476,HU7476,08:00:00,10:40:00,2020-01-02 13:09:44,2.8,590,1
3762,Y87476,HU7476,08:00:00,10:40:00,2020-01-03 15:19:21,7.6,1610,0
1735,ZH1948,CA1948,12:20:00,15:15:00,2019-11-19 14:44:54,4.9,1040,45
1780,ZH1948,CA1948,12:20:00,15:15:00,2019-11-20 15:05:06,4.8,1028,44
1831,ZH1948,CA1948,12:20:00,15:15:00,2019-11-21 15:01:50,4.8,1028,43
1884,ZH1948,CA1948,12:20:00,15:15:00,2019-11-22 14:32:05,3.0,640,42
1928,ZH1948,CA1948,12:20:00,15:15:00,2019-11-23 14:33:13,3.0,640,41
1968,ZH1948,CA1948,12:20:00,15:15:00,2019-11-24 14:17:41,3.0,640,40
2044,ZH1948,CA1948,12:20:00,15:15:00,2019-11-25 14:08:38,4.1,860,39
2073,ZH1948,CA1948,12:20:00,15:15:00,2019-11-26 13:40:19,4.1,860,38
2136,ZH1948,CA1948,12:20:00,15:15:00,2019-11-27 15:29:09,4.1,860,37
2177,ZH1948,CA1948,12:20:00,15:15:00,2019-11-28 14:37:10,4.0,854,36
2218,ZH1948,CA1948,12:20:00,15:15:00,2019-11-29 14:04:15,4.1,860,35
2299,ZH1948,CA1948,12:20:00,15:15:00,2019-11-30 13:30:20,4.0,854,34
2352,ZH1948,CA1948,12:20:00,15:15:00,2019-12-01 13:11:22,4.1,860,33
2383,ZH1948,CA1948,12:20:00,15:15:00,2019-12-02 13:46:31,4.1,860,32
2456,ZH1948,CA1948,12:20:00,15:15:00,2019-12-03 13:43:50,3.0,640,31
2507,ZH1948,CA1948,12:20:00,15:15:00,2019-12-04 13:40:53,3.0,634,30
2559,ZH1948,CA1948,12:20:00,15:15:00,2019-12-05 13:14:32,3.0,640,29
2635,ZH1948,CA1948,12:20:00,15:15:00,2019-12-08 14:33:07,3.0,640,26
2687,ZH1948,CA1948,12:20:00,15:15:00,2019-12-10 14:18:08,2.5,530,24
2739,ZH1948,CA1948,12:20:00,15:15:00,2019-12-12 13:07:58,2.5,530,22
2779,ZH1948,CA1948,12:20:00,15:15:00,2019-12-13 14:26:18,2.5,524,21
2843,ZH1948,CA1948,12:20:00,15:15:00,2019-12-14 15:39:16,2.5,530,20
2895,ZH1948,CA1948,12:20:00,15:15:00,2019-12-15 13:12:12,2.5,524,19
2947,ZH1948,CA1948,12:20:00,15:15:00,2019-12-16 13:39:33,2.5,530,18
3000,ZH1948,CA1948,12:20:00,15:15:00,2019-12-17 14:32:11,3.0,640,17
3051,ZH1948,CA1948,12:20:00,15:15:00,2019-12-18 15:28:15,3.0,640,16
3103,ZH1948,CA1948,12:20:00,15:15:00,2019-12-19 13:31:03,3.0,640,15
3155,ZH1948,CA1948,12:20:00,15:15:00,2019-12-20 12:09:46,2.6,544,14
3207,ZH1948,CA1948,12:20:00,15:15:00,2019-12-21 17:01:45,2.6,550,13
3259,ZH1948,CA1948,12:20:00,15:15:00,2019-12-22 15:43:13,2.6,550,12
3311,ZH1948,CA1948,12:20:00,15:15:00,2019-12-23 13:54:16,2.0,420,11
3363,ZH1948,CA1948,12:20:00,15:15:00,2019-12-24 14:27:50,1.8,380,10
3415,ZH1948,CA1948,12:20:00,15:15:00,2019-12-25 14:34:08,1.8,380,9
3440,ZH1948,CA1948,12:20:00,15:15:00,2019-12-26 14:25:08,1.8,380,8
3519,ZH1948,CA1948,12:20:00,15:15:00,2019-12-27 11:43:04,1.8,380,7
3546,ZH1948,CA1948,12:20:00,15:15:00,2019-12-28 15:02:54,3.0,645,6
3623,ZH1948,CA1948,12:20:00,15:15:00,2019-12-29 13:06:14,3.1,650,5
3675,ZH1948,CA1948,12:20:00,15:15:00,2019-12-31 15:23:33,3.1,650,3
3727,ZH1948,CA1948,12:20:00,15:15:00,2020-01-02 13:09:44,3.0,645,1
3775,ZH1948,CA1948,12:20:00,15:15:00,2020-01-03 15:19:21,3.1,650,0
1741,ZH1950,CA1950,21:00:00,23:55:00,2019-11-19 14:44:54,4.9,1040,45
1786,ZH1950,CA1950,21:00:00,23:55:00,2019-11-20 15:05:06,4.8,1028,44
1837,ZH1950,CA1950,21:00:00,23:55:00,2019-11-21 15:01:50,4.8,1028,43
1890,ZH1950,CA1950,21:00:00,23:55:00,2019-11-22 14:32:05,2.4,500,42
1922,ZH1950,CA1950,21:00:00,23:55:00,2019-11-23 14:33:13,2.4,500,41
1963,ZH1950,CA1950,21:00:00,23:55:00,2019-11-24 14:17:41,2.4,500,40
2038,ZH1950,CA1950,21:00:00,23:55:00,2019-11-25 14:08:38,2.4,500,39
2067,ZH1950,CA1950,21:00:00,23:55:00,2019-11-26 13:40:19,2.4,500,38
2130,ZH1950,CA1950,21:00:00,23:55:00,2019-11-27 15:29:09,2.4,500,37
2171,ZH1950,CA1950,21:00:00,23:55:00,2019-11-28 14:37:10,2.3,494,36
2224,ZH1950,CA1950,21:00:00,23:55:00,2019-11-29 14:04:15,2.4,500,35
2305,ZH1950,CA1950,21:00:00,23:55:00,2019-11-30 13:30:20,2.3,494,34
2358,ZH1950,CA1950,21:00:00,23:55:00,2019-12-01 13:11:22,2.4,500,33
2377,ZH1950,CA1950,21:00:00,23:55:00,2019-12-02 13:46:31,2.5,540,32
2462,ZH1950,CA1950,21:00:00,23:55:00,2019-12-03 13:43:50,2.4,500,31
2513,ZH1950,CA1950,21:00:00,23:55:00,2019-12-04 13:40:53,2.3,494,30
2565,ZH1950,CA1950,21:00:00,23:55:00,2019-12-05 13:14:32,2.4,500,29
2641,ZH1950,CA1950,21:00:00,23:55:00,2019-12-08 14:33:07,2.4,500,26
2693,ZH1950,CA1950,21:00:00,23:55:00,2019-12-10 14:18:08,2.4,500,24
2745,ZH1950,CA1950,21:00:00,23:55:00,2019-12-12 13:07:58,2.4,500,22
2790,ZH1950,CA1950,21:00:00,23:55:00,2019-12-13 14:26:18,2.3,494,21
2849,ZH1950,CA1950,21:00:00,23:55:00,2019-12-14 15:39:16,2.4,500,20
2901,ZH1950,CA1950,21:00:00,23:55:00,2019-12-15 13:12:12,2.3,494,19
2953,ZH1950,CA1950,21:00:00,23:55:00,2019-12-16 13:39:33,2.4,500,18
3006,ZH1950,CA1950,21:00:00,23:55:00,2019-12-17 14:32:11,2.4,500,17
3057,ZH1950,CA1950,21:00:00,23:55:00,2019-12-18 15:28:15,2.4,500,16
3109,ZH1950,CA1950,21:00:00,23:55:00,2019-12-19 13:31:03,2.2,460,15
3161,ZH1950,CA1950,21:00:00,23:55:00,2019-12-20 12:09:46,1.8,384,14
3213,ZH1950,CA1950,21:00:00,23:55:00,2019-12-21 17:01:45,1.8,390,13
3265,ZH1950,CA1950,21:00:00,23:55:00,2019-12-22 15:43:13,1.8,390,12
3317,ZH1950,CA1950,21:00:00,23:55:00,2019-12-23 13:54:16,1.8,390,11
3369,ZH1950,CA1950,21:00:00,23:55:00,2019-12-24 14:27:50,1.7,350,10
3421,ZH1950,CA1950,21:00:00,23:55:00,2019-12-25 14:34:08,1.6,330,9
3446,ZH1950,CA1950,21:00:00,23:55:00,2019-12-26 14:25:08,1.6,330,8
3525,ZH1950,CA1950,21:00:00,23:55:00,2019-12-27 11:43:04,1.6,330,7
3552,ZH1950,CA1950,21:00:00,23:55:00,2019-12-28 15:02:54,2.8,595,6
3629,ZH1950,CA1950,21:00:00,23:55:00,2019-12-29 13:06:14,2.8,600,5
3681,ZH1950,CA1950,21:00:00,23:55:00,2019-12-31 15:23:33,2.8,600,3
3733,ZH1950,CA1950,21:00:00,23:55:00,2020-01-02 13:09:44,2.8,595,1
3789,ZH1950,CA1950,21:00:00,23:55:00,2020-01-03 15:19:21,2.8,600,0
3810,ZH1950,CA1950,21:00:00,23:55:00,2020-01-04 15:12:13,1.5,310,0
1744,ZH4503,CA4503,08:05:00,10:45:00,2019-11-19 14:44:54,4.9,1040,45
1789,ZH4503,CA4503,08:05:00,10:45:00,2019-11-20 15:05:06,4.8,1028,44
1840,ZH4503,CA4503,08:05:00,10:45:00,2019-11-21 15:01:50,4.8,1028,43
1893,ZH4503,CA4503,08:05:00,10:45:00,2019-11-22 14:32:05,2.5,530,42
1919,ZH4503,CA4503,08:05:00,10:45:00,2019-11-23 14:33:13,2.5,530,41
1960,ZH4503,CA4503,08:05:00,10:45:00,2019-11-24 14:17:41,2.5,530,40
2035,ZH4503,CA4503,08:05:00,10:45:00,2019-11-25 14:08:38,2.5,530,39
2064,ZH4503,CA4503,08:05:00,10:45:00,2019-11-26 13:40:19,2.5,530,38
2127,ZH4503,CA4503,08:05:00,10:45:00,2019-11-27 15:29:09,2.5,530,37
2168,ZH4503,CA4503,08:00:00,10:45:00,2019-11-28 14:37:10,2.5,524,36
2227,ZH4503,CA4503,08:00:00,10:45:00,2019-11-29 14:04:15,2.5,530,35
2308,ZH4503,CA4503,08:00:00,10:45:00,2019-11-30 13:30:20,2.3,484,34
2361,ZH4503,CA4503,08:00:00,10:45:00,2019-12-01 13:11:22,2.3,490,33
2401,ZH4503,CA4503,08:00:00,10:45:00,2019-12-02 13:46:31,2.3,490,32
2465,ZH4503,CA4503,08:00:00,10:45:00,2019-12-03 13:43:50,2.3,490,31
2516,ZH4503,CA4503,08:00:00,10:45:00,2019-12-04 13:40:53,2.3,484,30
2568,ZH4503,CA4503,08:00:00,10:45:00,2019-12-05 13:14:32,2.3,490,29
2644,ZH4503,CA4503,08:00:00,10:45:00,2019-12-08 14:33:07,2.3,490,26
2696,ZH4503,CA4503,08:00:00,10:45:00,2019-12-10 14:18:08,2.3,490,24
2748,ZH4503,CA4503,08:00:00,10:45:00,2019-12-12 13:07:58,2.3,490,22
2794,ZH4503,CA4503,08:00:00,10:45:00,2019-12-13 14:26:18,2.8,594,21
2852,ZH4503,CA4503,08:00:00,10:45:00,2019-12-14 15:39:16,2.8,600,20
2904,ZH4503,CA4503,08:00:00,10:45:00,2019-12-15 13:12:12,2.8,594,19
2956,ZH4503,CA4503,08:00:00,10:45:00,2019-12-16 13:39:33,2.8,600,18
3009,ZH4503,CA4503,08:00:00,10:45:00,2019-12-17 14:32:11,2.3,490,17
3060,ZH4503,CA4503,08:00:00,10:45:00,2019-12-18 15:28:15,2.3,490,16
3112,ZH4503,CA4503,08:00:00,10:45:00,2019-12-19 13:31:03,2.2,460,15
3164,ZH4503,CA4503,08:00:00,10:45:00,2019-12-20 12:09:46,1.8,384,14
3216,ZH4503,CA4503,08:00:00,10:45:00,2019-12-21 17:01:45,1.8,390,13
3268,ZH4503,CA4503,08:00:00,10:45:00,2019-12-22 15:43:13,1.8,390,12
3320,ZH4503,CA4503,08:00:00,10:45:00,2019-12-23 13:54:16,1.8,390,11
3372,ZH4503,CA4503,08:00:00,10:45:00,2019-12-24 14:27:50,1.7,350,10
3424,ZH4503,CA4503,08:00:00,10:45:00,2019-12-25 14:34:08,1.7,350,9
3449,ZH4503,CA4503,08:00:00,10:45:00,2019-12-26 14:25:08,1.7,350,8
3528,ZH4503,CA4503,08:00:00,10:45:00,2019-12-27 11:43:04,1.7,350,7
3555,ZH4503,CA4503,08:00:00,10:45:00,2019-12-28 15:02:54,2.8,595,6
3632,ZH4503,CA4503,08:00:00,10:45:00,2019-12-29 13:06:14,2.8,600,5
3684,ZH4503,CA4503,08:00:00,10:45:00,2019-12-31 15:23:33,2.8,600,3
3736,ZH4503,CA4503,08:00:00,10:45:00,2020-01-02 13:09:44,2.8,595,1
3786,ZH4503,CA4503,08:00:00,10:45:00,2020-01-03 15:19:21,2.8,600,0
1717,ZH4513,CA4513,10:20:00,13:15:00,2019-11-19 14:44:54,4.9,1040,45
1767,ZH4513,CA4513,10:20:00,13:15:00,2019-11-20 15:05:06,4.8,1028,44
1813,ZH4513,CA4513,10:20:00,13:15:00,2019-11-21 15:01:50,4.8,1028,43
1866,ZH4513,CA4513,10:20:00,13:15:00,2019-11-22 14:32:05,4.9,1040,42
1946,ZH4513,CA4513,10:20:00,13:15:00,2019-11-23 14:33:13,4.9,1040,41
1986,ZH4513,CA4513,10:20:00,13:15:00,2019-11-24 14:17:41,4.8,1028,40
2021,ZH4513,CA4513,10:20:00,13:15:00,2019-11-25 14:08:38,4.9,1030,39
2091,ZH4513,CA4513,10:20:00,13:15:00,2019-11-26 13:40:19,4.9,1040,38
2154,ZH4513,CA4513,10:20:00,13:15:00,2019-11-27 15:29:09,4.9,1040,37
2195,ZH4513,CA4513,10:20:00,13:15:00,2019-11-28 14:37:10,4.8,1028,36
2248,ZH4513,CA4513,10:20:00,13:15:00,2019-11-29 14:04:15,4.6,970,35
2281,ZH4513,CA4513,10:20:00,13:15:00,2019-11-30 13:30:20,4.5,959,34
2334,ZH4513,CA4513,10:20:00,13:15:00,2019-12-01 13:11:22,4.6,970,33
2419,ZH4513,CA4513,10:20:00,13:15:00,2019-12-02 13:46:31,4.6,970,32
2438,ZH4513,CA4513,10:20:00,13:15:00,2019-12-03 13:43:50,2.9,620,31
2489,ZH4513,CA4513,10:20:00,13:15:00,2019-12-04 13:40:53,2.9,614,30
2541,ZH4513,CA4513,10:20:00,13:15:00,2019-12-05 13:14:32,2.9,620,29
2617,ZH4513,CA4513,10:20:00,13:15:00,2019-12-08 14:33:07,2.5,530,26
2669,ZH4513,CA4513,10:20:00,13:15:00,2019-12-10 14:18:08,2.5,530,24
2721,ZH4513,CA4513,10:20:00,13:15:00,2019-12-12 13:07:58,2.5,530,22
2791,ZH4513,CA4513,10:20:00,13:15:00,2019-12-13 14:26:18,2.5,524,21
2825,ZH4513,CA4513,10:20:00,13:15:00,2019-12-14 15:39:16,2.5,530,20
2877,ZH4513,CA4513,10:20:00,13:15:00,2019-12-15 13:12:12,2.5,524,19
2929,ZH4513,CA4513,10:20:00,13:15:00,2019-12-16 13:39:33,2.5,530,18
2982,ZH4513,CA4513,10:20:00,13:15:00,2019-12-17 14:32:11,2.5,530,17
3033,ZH4513,CA4513,10:20:00,13:15:00,2019-12-18 15:28:15,2.5,530,16
3085,ZH4513,CA4513,10:20:00,13:15:00,2019-12-19 13:31:03,2.5,530,15
3137,ZH4513,CA4513,10:20:00,13:15:00,2019-12-20 12:09:46,2.6,544,14
3189,ZH4513,CA4513,10:20:00,13:15:00,2019-12-21 17:01:45,2.4,510,13
3241,ZH4513,CA4513,10:20:00,13:15:00,2019-12-22 15:43:13,2.4,510,12
3293,ZH4513,CA4513,10:20:00,13:15:00,2019-12-23 13:54:16,2.0,420,11
3345,ZH4513,CA4513,10:20:00,13:15:00,2019-12-24 14:27:50,1.8,380,10
3397,ZH4513,CA4513,10:20:00,13:15:00,2019-12-25 14:34:08,1.8,380,9
3473,ZH4513,CA4513,10:20:00,13:15:00,2019-12-26 14:25:08,1.8,380,8
3501,ZH4513,CA4513,10:20:00,13:15:00,2019-12-27 11:43:04,1.8,380,7
3578,ZH4513,CA4513,10:20:00,13:15:00,2019-12-28 15:02:54,3.0,645,6
3605,ZH4513,CA4513,10:20:00,13:15:00,2019-12-29 13:06:14,3.1,650,5
3657,ZH4513,CA4513,10:20:00,13:15:00,2019-12-31 15:23:33,3.1,650,3
3709,ZH4513,CA4513,10:20:00,13:15:00,2020-01-02 13:09:44,3.0,645,1
3744,ZH4513,CA4513,10:20:00,13:15:00,2020-01-03 15:19:21,3.1,650,0
1711,ZH4535,CA4535,17:25:00,20:15:00,2019-11-19 14:44:54,4.9,1040,45
1763,ZH4535,CA4535,17:25:00,20:15:00,2019-11-20 15:05:06,4.8,1028,44
1807,ZH4535,CA4535,17:25:00,20:15:00,2019-11-21 15:01:50,4.8,1028,43
1859,ZH4535,CA4535,17:25:00,20:15:00,2019-11-22 14:32:05,4.9,1040,42
1901,ZH4535,CA4535,17:25:00,20:15:00,2019-11-23 14:33:13,4.9,1040,41
1992,ZH4535,CA4535,17:25:00,20:15:00,2019-11-24 14:17:41,4.8,1028,40
2030,ZH4535,CA4535,17:25:00,20:15:00,2019-11-25 14:08:38,4.9,1030,39
2056,ZH4535,CA4535,17:25:00,20:15:00,2019-11-26 13:40:19,4.9,1040,38
2108,ZH4535,CA4535,17:25:00,20:15:00,2019-11-27 15:29:09,4.9,1040,37
2201,ZH4535,CA4535,17:25:00,20:15:00,2019-11-28 14:37:10,4.8,1028,36
2255,ZH4535,CA4535,17:25:00,20:15:00,2019-11-29 14:04:15,4.6,970,35
2275,ZH4535,CA4535,17:25:00,20:15:00,2019-11-30 13:30:20,4.5,959,34
2328,ZH4535,CA4535,17:25:00,20:15:00,2019-12-01 13:11:22,4.6,970,33
2413,ZH4535,CA4535,17:25:00,20:15:00,2019-12-02 13:46:31,4.6,970,32
2432,ZH4535,CA4535,17:25:00,20:15:00,2019-12-03 13:43:50,2.9,620,31
2483,ZH4535,CA4535,17:25:00,20:15:00,2019-12-04 13:40:53,2.9,614,30
2535,ZH4535,CA4535,17:25:00,20:15:00,2019-12-05 13:14:32,2.9,620,29
2611,ZH4535,CA4535,17:25:00,20:15:00,2019-12-08 14:33:07,2.5,540,26
2663,ZH4535,CA4535,17:25:00,20:15:00,2019-12-10 14:18:08,2.5,540,24
2715,ZH4535,CA4535,17:25:00,20:15:00,2019-12-12 13:07:58,2.9,620,22
2778,ZH4535,CA4535,17:25:00,20:15:00,2019-12-13 14:26:18,2.5,534,21
2819,ZH4535,CA4535,17:25:00,20:15:00,2019-12-14 15:39:16,2.5,540,20
2871,ZH4535,CA4535,17:25:00,20:15:00,2019-12-15 13:12:12,2.5,534,19
2923,ZH4535,CA4535,17:25:00,20:15:00,2019-12-16 13:39:33,2.5,540,18
2976,ZH4535,CA4535,17:25:00,20:15:00,2019-12-17 14:32:11,2.5,540,17
3027,ZH4535,CA4535,17:25:00,20:15:00,2019-12-18 15:28:15,2.5,540,16
3079,ZH4535,CA4535,17:25:00,20:15:00,2019-12-19 13:31:03,2.5,520,15
3131,ZH4535,CA4535,17:25:00,20:15:00,2019-12-20 12:09:46,2.6,544,14
3183,ZH4535,CA4535,17:25:00,20:15:00,2019-12-21 17:01:45,2.6,550,13
3235,ZH4535,CA4535,17:25:00,20:15:00,2019-12-22 15:43:13,2.6,550,12
3287,ZH4535,CA4535,17:25:00,20:15:00,2019-12-23 13:54:16,2.0,420,11
3339,ZH4535,CA4535,17:25:00,20:15:00,2019-12-24 14:27:50,1.8,380,10
3391,ZH4535,CA4535,17:25:00,20:15:00,2019-12-25 14:34:08,1.8,380,9
3479,ZH4535,CA4535,17:25:00,20:15:00,2019-12-26 14:25:08,1.8,380,8
3495,ZH4535,CA4535,17:25:00,20:15:00,2019-12-27 11:43:04,1.8,380,7
3572,ZH4535,CA4535,17:25:00,20:15:00,2019-12-28 15:02:54,3.0,645,6
3600,ZH4535,CA4535,17:25:00,20:15:00,2019-12-29 13:06:14,3.1,650,5
3650,ZH4535,CA4535,17:25:00,20:15:00,2019-12-31 15:23:33,3.1,650,3
3704,ZH4535,CA4535,17:25:00,20:15:00,2020-01-02 13:09:44,3.0,645,1
3755,ZH4535,CA4535,17:25:00,20:15:00,2020-01-03 15:19:21,3.1,650,0
3797,ZH4535,CA4535,17:25:00,20:15:00,2020-01-04 15:12:13,1.6,330,0
1734,ZH4591,CA4591,19:10:00,22:10:00,2019-11-19 14:44:54,4.9,1040,45
1779,ZH4591,CA4591,19:10:00,22:10:00,2019-11-20 15:05:06,4.8,1028,44
1830,ZH4591,CA4591,19:10:00,22:10:00,2019-11-21 15:01:50,4.8,1028,43
1883,ZH4591,CA4591,19:10:00,22:10:00,2019-11-22 14:32:05,4.1,860,42
1929,ZH4591,CA4591,19:10:00,22:10:00,2019-11-23 14:33:13,4.1,860,41
1969,ZH4591,CA4591,19:10:00,22:10:00,2019-11-24 14:17:41,4.1,860,40
2045,ZH4591,CA4591,19:10:00,22:10:00,2019-11-25 14:08:38,4.1,860,39
2074,ZH4591,CA4591,19:10:00,22:10:00,2019-11-26 13:40:19,4.1,860,38
2137,ZH4591,CA4591,19:10:00,22:10:00,2019-11-27 15:29:09,4.1,860,37
2178,ZH4591,CA4591,19:10:00,22:10:00,2019-11-28 14:37:10,4.0,854,36
2217,ZH4591,CA4591,19:10:00,22:10:00,2019-11-29 14:04:15,4.1,860,35
2298,ZH4591,CA4591,19:10:00,22:10:00,2019-11-30 13:30:20,4.0,854,34
2351,ZH4591,CA4591,19:10:00,22:10:00,2019-12-01 13:11:22,4.1,860,33
2384,ZH4591,CA4591,19:10:00,22:10:00,2019-12-02 13:46:31,4.1,860,32
2455,ZH4591,CA4591,19:10:00,22:10:00,2019-12-03 13:43:50,4.0,850,31
2506,ZH4591,CA4591,19:10:00,22:10:00,2019-12-04 13:40:53,4.0,844,30
2558,ZH4591,CA4591,19:10:00,22:10:00,2019-12-05 13:14:32,4.0,850,29
2634,ZH4591,CA4591,19:10:00,22:10:00,2019-12-08 14:33:07,3.0,640,26
2686,ZH4591,CA4591,19:10:00,22:10:00,2019-12-10 14:18:08,3.0,640,24
2738,ZH4591,CA4591,19:10:00,22:10:00,2019-12-12 13:07:58,3.0,640,22
2777,ZH4591,CA4591,19:10:00,22:10:00,2019-12-13 14:26:18,3.0,634,21
2842,ZH4591,CA4591,19:10:00,22:10:00,2019-12-14 15:39:16,3.0,640,20
2894,ZH4591,CA4591,19:10:00,22:10:00,2019-12-15 13:12:12,3.0,634,19
2946,ZH4591,CA4591,19:10:00,22:10:00,2019-12-16 13:39:33,3.0,640,18
2999,ZH4591,CA4591,19:10:00,22:10:00,2019-12-17 14:32:11,3.0,640,17
3050,ZH4591,CA4591,19:10:00,22:10:00,2019-12-18 15:28:15,3.0,640,16
3102,ZH4591,CA4591,19:10:00,22:10:00,2019-12-19 13:31:03,3.0,640,15
3154,ZH4591,CA4591,19:10:00,22:10:00,2019-12-20 12:09:46,2.6,544,14
3206,ZH4591,CA4591,19:10:00,22:10:00,2019-12-21 17:01:45,2.6,550,13
3258,ZH4591,CA4591,19:10:00,22:10:00,2019-12-22 15:43:13,2.6,550,12
3310,ZH4591,CA4591,19:10:00,22:10:00,2019-12-23 13:54:16,2.4,510,11
3362,ZH4591,CA4591,19:10:00,22:10:00,2019-12-24 14:27:50,1.8,380,10
3414,ZH4591,CA4591,19:10:00,22:10:00,2019-12-25 14:34:08,1.8,380,9
3439,ZH4591,CA4591,19:10:00,22:10:00,2019-12-26 14:25:08,1.8,380,8
3518,ZH4591,CA4591,19:10:00,22:10:00,2019-12-27 11:43:04,1.8,380,7
3545,ZH4591,CA4591,19:10:00,22:10:00,2019-12-28 15:02:54,3.0,645,6
3622,ZH4591,CA4591,19:10:00,22:10:00,2019-12-29 13:06:14,3.1,650,5
3674,ZH4591,CA4591,19:10:00,22:10:00,2019-12-31 15:23:33,3.1,650,3
3726,ZH4591,CA4591,19:10:00,22:10:00,2020-01-02 13:09:44,3.0,645,1
3774,ZH4591,CA4591,19:10:00,22:10:00,2020-01-03 15:19:21,3.1,650,0
3796,ZH4591,CA4591,19:10:00,22:10:00,2020-01-04 15:12:13,1.7,350,0
