,flightno,actualflight,departtime,arrivetime,crawltime,discount,lowest_price,days_to_departure
9,3U5008,MU5404,10:00:00,12:45:00,2017-11-23 14:08:55,5.4,950,44
70,3U5008,MU5404,10:00:00,12:45:00,2017-11-23 14:08:58,5.4,950,44
109,3U5008,MU5404,10:00:00,12:45:00,2017-11-24 14:22:17,5.4,950,43
137,3U5008,MU5404,10:00:00,12:45:00,2017-11-24 14:22:30,5.4,950,43
205,3U5008,MU5404,10:00:00,12:45:00,2017-11-25 14:17:54,6.4,1130,42
260,3U5008,MU5404,10:00:00,12:45:00,2017-11-25 14:17:56,6.4,1130,42
291,3U5008,MU5404,10:00:00,12:45:00,2017-11-26 14:23:55,6.4,1130,41
345,3U5008,MU5404,10:00:00,12:45:00,2017-11-26 14:23:56,6.4,1130,41
361,3U5008,MU5404,10:00:00,12:45:00,2017-11-27 14:05:44,6.4,1130,40
425,3U5008,MU5404,10:00:00,12:45:00,2017-11-27 14:05:46,6.4,1130,40
460,3U5008,MU5404,10:00:00,12:45:00,2017-11-28 14:11:00,6.4,1130,39
584,3U5008,MU5404,10:00:00,12:45:00,2017-11-29 14:16:56,6.4,1130,38
589,3U5008,MU5404,10:00:00,12:45:00,2017-11-29 14:17:01,6.4,1130,38
655,3U5008,MU5404,10:00:00,12:45:00,2017-11-30 14:27:23,6.4,1130,37
754,3U5008,MU5404,10:00:00,12:45:00,2017-12-01 14:07:21,6.4,1130,36
790,3U5008,MU5404,10:00:00,12:45:00,2017-12-01 14:07:22,6.4,1130,36
830,3U5008,MU5404,10:00:00,12:45:00,2017-12-02 14:00:57,6.4,1130,35
873,3U5008,MU5404,10:00:00,12:45:00,2017-12-02 14:00:58,6.4,1130,35
924,3U5008,MU5404,10:00:00,12:45:00,2017-12-03 13:58:12,6.4,1130,34
1015,3U5008,MU5404,10:00:00,12:45:00,2017-12-04 13:57:56,6.4,1130,33
1061,3U5008,MU5404,10:00:00,12:45:00,2017-12-04 13:57:57,6.4,1130,33
1106,3U5008,MU5404,10:00:00,12:45:00,2017-12-05 14:22:49,6.4,1130,32
1155,3U5008,MU5404,10:00:00,12:45:00,2017-12-05 14:22:50,6.4,1130,32
1207,3U5008,MU5404,10:00:00,12:45:00,2017-12-06 14:01:02,6.4,1130,31
1236,3U5008,MU5404,10:00:00,12:45:00,2017-12-06 14:01:03,6.4,1130,31
1285,3U5008,MU5404,10:00:00,12:45:00,2017-12-07 14:19:51,6.4,1130,30
1318,3U5008,MU5404,10:00:00,12:45:00,2017-12-07 14:19:52,6.4,1130,30
1378,3U5008,MU5404,10:00:00,12:45:00,2017-12-08 14:24:05,6.4,1130,29
1475,3U5008,MU5404,10:00:00,12:45:00,2017-12-09 14:04:55,6.4,1130,28
1510,3U5008,MU5404,10:00:00,12:45:00,2017-12-09 14:04:59,6.4,1130,28
1554,3U5008,MU5404,10:00:00,12:45:00,2017-12-10 14:03:23,6.4,1130,27
1583,3U5008,MU5404,10:00:00,12:45:00,2017-12-10 14:03:24,6.4,1130,27
1633,3U5008,MU5404,10:00:00,12:45:00,2017-12-11 14:27:59,6.4,1130,26
1688,3U5008,MU5404,10:00:00,12:45:00,2017-12-11 14:28:01,6.4,1130,26
1729,3U5008,MU5404,10:00:00,12:45:00,2017-12-12 13:59:02,6.4,1130,25
1771,3U5008,MU5404,10:00:00,12:45:00,2017-12-12 13:59:03,6.4,1130,25
1820,3U5008,MU5404,10:00:00,12:45:00,2017-12-13 14:07:51,6.4,1130,24
1864,3U5008,MU5404,10:00:00,12:45:00,2017-12-13 14:07:52,6.4,1130,24
1909,3U5008,MU5404,10:00:00,12:45:00,2017-12-14 14:16:52,6.4,1130,23
2020,3U5008,MU5404,10:00:00,12:45:00,2017-12-15 14:11:46,6.4,1130,22
2042,3U5008,MU5404,10:00:00,12:45:00,2017-12-15 14:11:56,6.4,1130,22
2083,3U5008,MU5404,10:00:00,12:45:00,2017-12-16 14:02:27,6.4,1130,21
2182,3U5008,MU5404,10:00:00,12:45:00,2017-12-17 14:13:03,6.4,1130,20
2221,3U5008,MU5404,10:00:00,12:45:00,2017-12-17 14:13:04,6.4,1130,20
2274,3U5008,MU5404,10:00:00,12:45:00,2017-12-18 14:12:04,6.4,1130,19
2357,3U5008,MU5404,10:00:00,12:45:00,2017-12-19 14:21:17,6.4,1130,18
2449,3U5008,MU5404,10:00:00,12:45:00,2017-12-20 14:09:48,6.4,1130,17
2501,3U5008,MU5404,10:00:00,12:45:00,2017-12-21 14:08:59,6.4,1130,16
2547,3U5008,MU5404,10:00:00,12:45:00,2017-12-21 14:09:02,6.4,1130,16
2589,3U5008,MU5404,10:00:00,12:45:00,2017-12-22 14:00:19,6.4,1130,15
2631,3U5008,MU5404,10:00:00,12:45:00,2017-12-22 14:00:20,6.4,1130,15
2677,3U5008,MU5404,10:00:00,12:45:00,2017-12-23 14:28:42,6.4,1130,14
2732,3U5008,MU5404,10:00:00,12:45:00,2017-12-23 14:28:45,6.4,1130,14
2773,3U5008,MU5404,10:00:00,12:45:00,2017-12-24 13:59:03,6.4,1130,13
2820,3U5008,MU5404,10:00:00,12:45:00,2017-12-24 13:59:08,6.4,1130,13
2867,3U5008,MU5404,10:00:00,12:45:00,2017-12-25 14:15:17,6.4,1130,12
2958,3U5008,MU5404,10:00:00,12:45:00,2017-12-26 14:17:08,6.4,1130,11
3049,3U5008,MU5404,10:00:00,12:45:00,2017-12-27 14:09:22,6.4,1130,10
3091,3U5008,MU5404,10:00:00,12:45:00,2017-12-27 14:09:27,6.4,1130,10
3136,3U5008,MU5404,10:00:00,12:45:00,2017-12-28 14:20:11,6.4,1130,9
3188,3U5008,MU5404,10:00:00,12:45:00,2017-12-28 14:20:12,6.4,1130,9
3228,3U5008,MU5404,10:00:00,12:45:00,2017-12-29 14:06:15,6.4,1130,8
3281,3U5008,MU5404,10:00:00,12:45:00,2017-12-29 14:06:16,6.4,1130,8
3321,3U5008,MU5404,10:00:00,12:45:00,2017-12-30 14:15:16,6.4,1130,7
3346,3U5008,MU5404,10:00:00,12:45:00,2017-12-30 14:15:17,6.4,1130,7
3405,3U5008,MU5404,10:00:00,12:45:00,2017-12-31 13:56:17,6.4,1130,6
3505,3U5008,MU5404,10:00:00,12:45:00,2018-01-01 13:57:10,6.4,1130,5
3609,3U5008,MU5404,10:00:00,12:45:00,2018-01-02 14:14:30,6.4,1130,4
3651,3U5008,MU5404,10:00:00,12:45:00,2018-01-02 14:14:31,6.4,1130,4
3696,3U5008,MU5404,10:00:00,12:45:00,2018-01-03 13:35:41,6.4,1130,3
3738,3U5008,MU5404,10:00:00,12:45:00,2018-01-04 13:57:51,7.4,1300,2
3785,3U5008,MU5404,10:00:00,12:45:00,2018-01-05 14:21:38,7.4,1300,1
3829,3U5008,MU5404,10:00:00,12:45:00,2018-01-06 14:19:02,7.4,1300,0
7,3U5010,MU5406,09:25:00,12:15:00,2017-11-23 14:08:55,3.9,680,44
72,3U5010,MU5406,09:25:00,12:15:00,2017-11-23 14:08:58,3.9,680,44
107,3U5010,MU5406,09:25:00,12:15:00,2017-11-24 14:22:17,3.9,680,43
139,3U5010,MU5406,09:25:00,12:15:00,2017-11-24 14:22:30,3.9,680,43
207,3U5010,MU5406,09:25:00,12:15:00,2017-11-25 14:17:54,3.9,680,42
262,3U5010,MU5406,09:25:00,12:15:00,2017-11-25 14:17:56,3.9,680,42
289,3U5010,MU5406,09:25:00,12:15:00,2017-11-26 14:23:55,3.9,680,41
333,3U5010,MU5406,09:25:00,12:15:00,2017-11-26 14:23:56,3.9,680,41
363,3U5010,MU5406,09:25:00,12:15:00,2017-11-27 14:05:44,3.9,680,40
423,3U5010,MU5406,09:25:00,12:15:00,2017-11-27 14:05:46,3.9,680,40
458,3U5010,MU5406,09:25:00,12:15:00,2017-11-28 14:11:00,3.9,680,39
582,3U5010,MU5406,09:25:00,12:15:00,2017-11-29 14:16:56,3.9,680,38
591,3U5010,MU5406,09:25:00,12:15:00,2017-11-29 14:17:01,3.9,680,38
657,3U5010,MU5406,09:25:00,12:15:00,2017-11-30 14:27:23,3.9,680,37
756,3U5010,MU5406,09:25:00,12:15:00,2017-12-01 14:07:21,5.4,950,36
788,3U5010,MU5406,09:25:00,12:15:00,2017-12-01 14:07:22,5.4,950,36
828,3U5010,MU5406,09:25:00,12:15:00,2017-12-02 14:00:57,5.4,950,35
871,3U5010,MU5406,09:25:00,12:15:00,2017-12-02 14:00:58,5.4,950,35
926,3U5010,MU5406,09:25:00,12:15:00,2017-12-03 13:58:12,5.4,950,34
1013,3U5010,MU5406,09:25:00,12:15:00,2017-12-04 13:57:56,5.4,950,33
1063,3U5010,MU5406,09:25:00,12:15:00,2017-12-04 13:57:57,5.4,950,33
1103,3U5010,MU5406,09:25:00,12:15:00,2017-12-05 14:22:49,5.4,950,32
1153,3U5010,MU5406,09:25:00,12:15:00,2017-12-05 14:22:50,5.4,950,32
1209,3U5010,MU5406,09:25:00,12:15:00,2017-12-06 14:01:02,5.4,950,31
1234,3U5010,MU5406,09:25:00,12:15:00,2017-12-06 14:01:03,5.4,950,31
1286,3U5010,MU5406,09:25:00,12:15:00,2017-12-07 14:19:51,5.4,950,30
1320,3U5010,MU5406,09:25:00,12:15:00,2017-12-07 14:19:52,5.4,950,30
1380,3U5010,MU5406,09:25:00,12:15:00,2017-12-08 14:24:05,5.4,950,29
1473,3U5010,MU5406,09:25:00,12:15:00,2017-12-09 14:04:55,5.4,950,28
1512,3U5010,MU5406,09:25:00,12:15:00,2017-12-09 14:04:59,5.4,950,28
1552,3U5010,MU5406,09:25:00,12:15:00,2017-12-10 14:03:23,5.4,950,27
1585,3U5010,MU5406,09:25:00,12:15:00,2017-12-10 14:03:24,5.4,950,27
1635,3U5010,MU5406,09:25:00,12:15:00,2017-12-11 14:27:59,3.5,620,26
1690,3U5010,MU5406,09:25:00,12:15:00,2017-12-11 14:28:01,3.5,620,26
1727,3U5010,MU5406,09:25:00,12:15:00,2017-12-12 13:59:02,3.5,620,25
1769,3U5010,MU5406,09:25:00,12:15:00,2017-12-12 13:59:03,3.5,620,25
1822,3U5010,MU5406,09:25:00,12:15:00,2017-12-13 14:07:51,3.5,620,24
1866,3U5010,MU5406,09:25:00,12:15:00,2017-12-13 14:07:52,3.5,620,24
1907,3U5010,MU5406,09:25:00,12:15:00,2017-12-14 14:16:52,4.1,730,23
2018,3U5010,MU5406,09:25:00,12:15:00,2017-12-15 14:11:46,4.1,730,22
2040,3U5010,MU5406,09:25:00,12:15:00,2017-12-15 14:11:56,4.1,730,22
2081,3U5010,MU5406,09:25:00,12:15:00,2017-12-16 14:02:27,4.1,730,21
2180,3U5010,MU5406,09:25:00,12:15:00,2017-12-17 14:13:03,4.1,730,20
2219,3U5010,MU5406,09:25:00,12:15:00,2017-12-17 14:13:04,4.1,730,20
2276,3U5010,MU5406,09:25:00,12:15:00,2017-12-18 14:12:04,4.1,730,19
2355,3U5010,MU5406,09:25:00,12:15:00,2017-12-19 14:21:17,4.4,770,18
2447,3U5010,MU5406,09:25:00,12:15:00,2017-12-20 14:09:48,5.4,950,17
2503,3U5010,MU5406,09:25:00,12:15:00,2017-12-21 14:08:59,5.4,950,16
2549,3U5010,MU5406,09:25:00,12:15:00,2017-12-21 14:09:02,5.4,950,16
2591,3U5010,MU5406,09:25:00,12:15:00,2017-12-22 14:00:19,5.4,950,15
2629,3U5010,MU5406,09:25:00,12:15:00,2017-12-22 14:00:20,5.4,950,15
2675,3U5010,MU5406,09:25:00,12:15:00,2017-12-23 14:28:42,5.4,950,14
2730,3U5010,MU5406,09:25:00,12:15:00,2017-12-23 14:28:45,5.4,950,14
2771,3U5010,MU5406,09:25:00,12:15:00,2017-12-24 13:59:03,5.4,950,13
2822,3U5010,MU5406,09:25:00,12:15:00,2017-12-24 13:59:08,5.4,950,13
2869,3U5010,MU5406,09:25:00,12:15:00,2017-12-25 14:15:17,5.4,950,12
2960,3U5010,MU5406,09:25:00,12:15:00,2017-12-26 14:17:08,5.4,950,11
3051,3U5010,MU5406,09:25:00,12:15:00,2017-12-27 14:09:22,5.4,950,10
3089,3U5010,MU5406,09:25:00,12:15:00,2017-12-27 14:09:27,5.4,950,10
3134,3U5010,MU5406,09:25:00,12:15:00,2017-12-28 14:20:11,5.4,950,9
3190,3U5010,MU5406,09:25:00,12:15:00,2017-12-28 14:20:12,5.4,950,9
3227,3U5010,MU5406,09:25:00,12:15:00,2017-12-29 14:06:15,5.4,950,8
3279,3U5010,MU5406,09:25:00,12:15:00,2017-12-29 14:06:16,5.4,950,8
3319,3U5010,MU5406,09:25:00,12:15:00,2017-12-30 14:15:16,5.4,950,7
3390,3U5010,MU5406,09:25:00,12:15:00,2017-12-30 14:15:17,5.4,950,7
3403,3U5010,MU5406,09:25:00,12:15:00,2017-12-31 13:56:17,5.4,950,6
3503,3U5010,MU5406,09:25:00,12:15:00,2018-01-01 13:57:10,5.4,950,5
3611,3U5010,MU5406,09:25:00,12:15:00,2018-01-02 14:14:30,5.4,950,4
3653,3U5010,MU5406,09:25:00,12:15:00,2018-01-02 14:14:31,5.4,950,4
3698,3U5010,MU5406,09:25:00,12:15:00,2018-01-03 13:35:41,6.4,1130,3
3740,3U5010,MU5406,09:25:00,12:15:00,2018-01-04 13:57:51,7.4,1300,2
3787,3U5010,MU5406,09:25:00,12:15:00,2018-01-05 14:21:38,7.4,1300,1
3831,3U5010,MU5406,09:25:00,12:15:00,2018-01-06 14:19:02,7.4,1300,0
4,3U5012,MU5408,12:45:00,15:25:00,2017-11-23 14:08:55,6.4,1130,44
75,3U5012,MU5408,12:45:00,15:25:00,2017-11-23 14:08:58,6.4,1130,44
104,3U5012,MU5408,12:45:00,15:25:00,2017-11-24 14:22:17,6.4,1130,43
142,3U5012,MU5408,12:45:00,15:25:00,2017-11-24 14:22:30,6.4,1130,43
210,3U5012,MU5408,12:45:00,15:25:00,2017-11-25 14:17:54,6.4,1130,42
265,3U5012,MU5408,12:45:00,15:25:00,2017-11-25 14:17:56,6.4,1130,42
286,3U5012,MU5408,12:45:00,15:25:00,2017-11-26 14:23:55,6.4,1130,41
330,3U5012,MU5408,12:45:00,15:25:00,2017-11-26 14:23:56,6.4,1130,41
366,3U5012,MU5408,12:45:00,15:25:00,2017-11-27 14:05:44,6.4,1130,40
420,3U5012,MU5408,12:45:00,15:25:00,2017-11-27 14:05:46,6.4,1130,40
455,3U5012,MU5408,12:45:00,15:25:00,2017-11-28 14:11:00,6.4,1130,39
579,3U5012,MU5408,12:45:00,15:25:00,2017-11-29 14:16:56,6.4,1130,38
594,3U5012,MU5408,12:45:00,15:25:00,2017-11-29 14:17:01,6.4,1130,38
660,3U5012,MU5408,12:45:00,15:25:00,2017-11-30 14:27:23,6.4,1130,37
759,3U5012,MU5408,12:45:00,15:25:00,2017-12-01 14:07:21,6.4,1130,36
785,3U5012,MU5408,12:45:00,15:25:00,2017-12-01 14:07:22,6.4,1130,36
825,3U5012,MU5408,12:45:00,15:25:00,2017-12-02 14:00:57,6.4,1130,35
868,3U5012,MU5408,12:45:00,15:25:00,2017-12-02 14:00:58,6.4,1130,35
929,3U5012,MU5408,12:45:00,15:25:00,2017-12-03 13:58:12,6.4,1130,34
1010,3U5012,MU5408,12:45:00,15:25:00,2017-12-04 13:57:56,6.4,1130,33
1066,3U5012,MU5408,12:45:00,15:25:00,2017-12-04 13:57:57,6.4,1130,33
1086,3U5012,MU5408,12:45:00,15:25:00,2017-12-05 14:22:49,6.4,1130,32
1150,3U5012,MU5408,12:45:00,15:25:00,2017-12-05 14:22:50,6.4,1130,32
1212,3U5012,MU5408,12:45:00,15:25:00,2017-12-06 14:01:02,6.4,1130,31
1231,3U5012,MU5408,12:45:00,15:25:00,2017-12-06 14:01:03,6.4,1130,31
1289,3U5012,MU5408,12:45:00,15:25:00,2017-12-07 14:19:51,6.4,1130,30
1323,3U5012,MU5408,12:45:00,15:25:00,2017-12-07 14:19:52,6.4,1130,30
1383,3U5012,MU5408,12:45:00,15:25:00,2017-12-08 14:24:05,6.4,1130,29
1451,3U5012,MU5408,12:45:00,15:25:00,2017-12-09 14:04:55,6.4,1130,28
1529,3U5012,MU5408,12:45:00,15:25:00,2017-12-09 14:04:59,6.4,1130,28
1549,3U5012,MU5408,12:45:00,15:25:00,2017-12-10 14:03:23,6.4,1130,27
1588,3U5012,MU5408,12:45:00,15:25:00,2017-12-10 14:03:24,6.4,1130,27
1638,3U5012,MU5408,12:45:00,15:25:00,2017-12-11 14:27:59,6.4,1130,26
1693,3U5012,MU5408,12:45:00,15:25:00,2017-12-11 14:28:01,6.4,1130,26
1724,3U5012,MU5408,12:45:00,15:25:00,2017-12-12 13:59:02,6.4,1130,25
1766,3U5012,MU5408,12:45:00,15:25:00,2017-12-12 13:59:03,6.4,1130,25
1825,3U5012,MU5408,12:45:00,15:25:00,2017-12-13 14:07:51,6.4,1130,24
1869,3U5012,MU5408,12:45:00,15:25:00,2017-12-13 14:07:52,6.4,1130,24
1904,3U5012,MU5408,12:45:00,15:25:00,2017-12-14 14:16:52,7.4,1300,23
2014,3U5012,MU5408,12:45:00,15:25:00,2017-12-15 14:11:46,7.4,1300,22
2037,3U5012,MU5408,12:45:00,15:25:00,2017-12-15 14:11:56,7.4,1300,22
2078,3U5012,MU5408,12:45:00,15:25:00,2017-12-16 14:02:27,7.4,1300,21
2177,3U5012,MU5408,12:45:00,15:25:00,2017-12-17 14:13:03,7.4,1300,20
2201,3U5012,MU5408,12:45:00,15:25:00,2017-12-17 14:13:04,7.4,1300,20
2279,3U5012,MU5408,12:45:00,15:25:00,2017-12-18 14:12:04,7.4,1300,19
2352,3U5012,MU5408,12:45:00,15:25:00,2017-12-19 14:21:17,7.4,1300,18
2444,3U5012,MU5408,12:45:00,15:25:00,2017-12-20 14:09:48,7.4,1300,17
2506,3U5012,MU5408,12:45:00,15:25:00,2017-12-21 14:08:59,7.4,1300,16
2552,3U5012,MU5408,12:45:00,15:25:00,2017-12-21 14:09:02,7.4,1300,16
2594,3U5012,MU5408,12:45:00,15:25:00,2017-12-22 14:00:19,7.4,1300,15
2626,3U5012,MU5408,12:45:00,15:25:00,2017-12-22 14:00:20,7.4,1300,15
2672,3U5012,MU5408,12:45:00,15:25:00,2017-12-23 14:28:42,7.4,1300,14
2727,3U5012,MU5408,12:45:00,15:25:00,2017-12-23 14:28:45,7.4,1300,14
2768,3U5012,MU5408,12:45:00,15:25:00,2017-12-24 13:59:03,7.4,1300,13
2825,3U5012,MU5408,12:45:00,15:25:00,2017-12-24 13:59:08,7.4,1300,13
2872,3U5012,MU5408,12:45:00,15:25:00,2017-12-25 14:15:17,7.4,1300,12
2963,3U5012,MU5408,12:45:00,15:25:00,2017-12-26 14:17:08,7.4,1300,11
3054,3U5012,MU5408,12:45:00,15:25:00,2017-12-27 14:09:22,7.4,1300,10
3086,3U5012,MU5408,12:45:00,15:25:00,2017-12-27 14:09:27,7.4,1300,10
3131,3U5012,MU5408,12:45:00,15:25:00,2017-12-28 14:20:11,7.4,1300,9
3193,3U5012,MU5408,12:45:00,15:25:00,2017-12-28 14:20:12,7.4,1300,9
3224,3U5012,MU5408,12:45:00,15:25:00,2017-12-29 14:06:15,7.4,1300,8
3275,3U5012,MU5408,12:45:00,15:25:00,2017-12-29 14:06:16,7.4,1300,8
3316,3U5012,MU5408,12:45:00,15:25:00,2017-12-30 14:15:16,7.4,1300,7
3387,3U5012,MU5408,12:45:00,15:25:00,2017-12-30 14:15:17,7.4,1300,7
3400,3U5012,MU5408,12:45:00,15:25:00,2017-12-31 13:56:17,7.4,1300,6
3500,3U5012,MU5408,12:45:00,15:25:00,2018-01-01 13:57:10,7.4,1300,5
3614,3U5012,MU5408,12:45:00,15:25:00,2018-01-02 14:14:30,7.4,1300,4
3656,3U5012,MU5408,12:45:00,15:25:00,2018-01-02 14:14:31,7.4,1300,4
3701,3U5012,MU5408,12:45:00,15:25:00,2018-01-03 13:35:41,6.4,1130,3
3743,3U5012,MU5408,12:45:00,15:25:00,2018-01-04 13:57:51,7.4,1300,2
3790,3U5012,MU5408,12:45:00,15:25:00,2018-01-05 14:21:38,7.4,1300,1
3834,3U5012,MU5408,12:45:00,15:25:00,2018-01-06 14:19:02,7.4,1300,0
36,3U5014,MU5410,14:15:00,17:05:00,2017-11-23 14:08:55,6.4,1130,44
47,3U5014,MU5410,14:15:00,17:05:00,2017-11-23 14:08:58,6.4,1130,44
98,3U5014,MU5410,14:15:00,17:05:00,2017-11-24 14:22:17,6.4,1130,43
178,3U5014,MU5410,14:15:00,17:05:00,2017-11-24 14:22:30,6.4,1130,43
182,3U5014,MU5410,14:15:00,17:05:00,2017-11-25 14:17:54,6.4,1130,42
237,3U5014,MU5410,14:15:00,17:05:00,2017-11-25 14:17:56,6.4,1130,42
313,3U5014,MU5410,14:15:00,17:05:00,2017-11-26 14:23:55,6.4,1130,41
356,3U5014,MU5410,14:15:00,17:05:00,2017-11-26 14:23:56,6.4,1130,41
383,3U5014,MU5410,14:15:00,17:05:00,2017-11-27 14:05:44,6.4,1130,40
409,3U5014,MU5410,14:15:00,17:05:00,2017-11-27 14:05:46,6.4,1130,40
483,3U5014,MU5410,14:15:00,17:05:00,2017-11-28 14:11:00,6.4,1130,39
540,3U5014,MU5410,14:15:00,17:05:00,2017-11-29 14:16:56,6.4,1130,38
610,3U5014,MU5410,14:15:00,17:05:00,2017-11-29 14:17:01,6.4,1130,38
632,3U5014,MU5410,14:15:00,17:05:00,2017-11-30 14:27:23,6.4,1130,37
734,3U5014,MU5410,14:15:00,17:05:00,2017-12-01 14:07:21,6.4,1130,36
777,3U5014,MU5410,14:15:00,17:05:00,2017-12-01 14:07:22,6.4,1130,36
853,3U5014,MU5410,14:15:00,17:05:00,2017-12-02 14:00:57,6.4,1130,35
896,3U5014,MU5410,14:15:00,17:05:00,2017-12-02 14:00:58,6.4,1130,35
934,3U5014,MU5410,14:15:00,17:05:00,2017-12-03 13:58:12,6.4,1130,34
993,3U5014,MU5410,14:15:00,17:05:00,2017-12-04 13:57:56,6.4,1130,33
1038,3U5014,MU5410,14:15:00,17:05:00,2017-12-04 13:57:57,6.4,1130,33
1083,3U5014,MU5410,14:15:00,17:05:00,2017-12-05 14:22:49,6.4,1130,32
1127,3U5014,MU5410,14:15:00,17:05:00,2017-12-05 14:22:50,6.4,1130,32
1196,3U5014,MU5410,14:15:00,17:05:00,2017-12-06 14:01:02,6.4,1130,31
1258,3U5014,MU5410,14:15:00,17:05:00,2017-12-06 14:01:03,6.4,1130,31
1262,3U5014,MU5410,14:15:00,17:05:00,2017-12-07 14:19:51,6.4,1130,30
1339,3U5014,MU5410,14:15:00,17:05:00,2017-12-07 14:19:52,6.4,1130,30
1355,3U5014,MU5410,14:15:00,17:05:00,2017-12-08 14:24:05,6.4,1130,29
1454,3U5014,MU5410,14:15:00,17:05:00,2017-12-09 14:04:55,6.4,1130,28
1487,3U5014,MU5410,14:15:00,17:05:00,2017-12-09 14:04:59,6.4,1130,28
1573,3U5014,MU5410,14:15:00,17:05:00,2017-12-10 14:03:23,6.4,1130,27
1598,3U5014,MU5410,14:15:00,17:05:00,2017-12-10 14:03:24,6.4,1130,27
1623,3U5014,MU5410,14:15:00,17:05:00,2017-12-11 14:27:59,6.4,1130,26
1665,3U5014,MU5410,14:15:00,17:05:00,2017-12-11 14:28:01,6.4,1130,26
1751,3U5014,MU5410,14:15:00,17:05:00,2017-12-12 13:59:02,6.4,1130,25
1794,3U5014,MU5410,14:15:00,17:05:00,2017-12-12 13:59:03,6.4,1130,25
1802,3U5014,MU5410,14:15:00,17:05:00,2017-12-13 14:07:51,6.4,1130,24
1852,3U5014,MU5410,14:15:00,17:05:00,2017-12-13 14:07:52,6.4,1130,24
1887,3U5014,MU5410,14:15:00,17:05:00,2017-12-14 14:16:52,7.4,1300,23
1989,3U5014,MU5410,14:15:00,17:05:00,2017-12-15 14:11:46,7.4,1300,22
2064,3U5014,MU5410,14:15:00,17:05:00,2017-12-15 14:11:56,7.4,1300,22
2106,3U5014,MU5410,14:15:00,17:05:00,2017-12-16 14:02:27,7.4,1300,21
2159,3U5014,MU5410,14:15:00,17:05:00,2017-12-17 14:13:03,7.4,1300,20
2244,3U5014,MU5410,14:15:00,17:05:00,2017-12-17 14:13:04,7.4,1300,20
2251,3U5014,MU5410,14:15:00,17:05:00,2017-12-18 14:12:04,7.4,1300,19
2336,3U5014,MU5410,14:15:00,17:05:00,2017-12-19 14:21:17,7.4,1300,18
2427,3U5014,MU5410,14:15:00,17:05:00,2017-12-20 14:09:48,8.4,1480,17
2477,3U5014,MU5410,14:15:00,17:05:00,2017-12-21 14:08:59,8.4,1480,16
2523,3U5014,MU5410,14:15:00,17:05:00,2017-12-21 14:09:02,8.4,1480,16
2566,3U5014,MU5410,14:15:00,17:05:00,2017-12-22 14:00:19,8.4,1480,15
2655,3U5014,MU5410,14:15:00,17:05:00,2017-12-22 14:00:20,8.4,1480,15
2700,3U5014,MU5410,14:15:00,17:05:00,2017-12-23 14:28:42,8.4,1480,14
2705,3U5014,MU5410,14:15:00,17:05:00,2017-12-23 14:28:45,8.4,1480,14
2751,3U5014,MU5410,14:15:00,17:05:00,2017-12-24 13:59:03,7.4,1300,13
2797,3U5014,MU5410,14:15:00,17:05:00,2017-12-24 13:59:08,7.4,1300,13
2843,3U5014,MU5410,14:15:00,17:05:00,2017-12-25 14:15:17,7.4,1300,12
2934,3U5014,MU5410,14:15:00,17:05:00,2017-12-26 14:17:08,7.4,1300,11
3024,3U5014,MU5410,14:15:00,17:05:00,2017-12-27 14:09:22,7.4,1300,10
3114,3U5014,MU5410,14:15:00,17:05:00,2017-12-27 14:09:27,7.4,1300,10
3160,3U5014,MU5410,14:15:00,17:05:00,2017-12-28 14:20:11,7.4,1300,9
3164,3U5014,MU5410,14:15:00,17:05:00,2017-12-28 14:20:12,7.4,1300,9
3252,3U5014,MU5410,14:15:00,17:05:00,2017-12-29 14:06:15,7.4,1300,8
3256,3U5014,MU5410,14:15:00,17:05:00,2017-12-29 14:06:16,7.4,1300,8
3344,3U5014,MU5410,14:15:00,17:05:00,2017-12-30 14:15:16,7.4,1300,7
3370,3U5014,MU5410,14:15:00,17:05:00,2017-12-30 14:15:17,7.4,1300,7
3422,3U5014,MU5410,14:15:00,17:05:00,2017-12-31 13:56:17,7.4,1300,6
3528,3U5014,MU5410,14:15:00,17:05:00,2018-01-01 13:57:10,7.4,1300,5
3585,3U5014,MU5410,14:15:00,17:05:00,2018-01-02 14:14:30,7.4,1300,4
3627,3U5014,MU5410,14:15:00,17:05:00,2018-01-02 14:14:31,7.4,1300,4
3673,3U5014,MU5410,14:15:00,17:05:00,2018-01-03 13:35:41,7.4,1300,3
3714,3U5014,MU5410,14:15:00,17:05:00,2018-01-04 13:57:51,7.4,1300,2
3760,3U5014,MU5410,14:15:00,17:05:00,2018-01-05 14:21:38,7.4,1300,1
3807,3U5014,MU5410,14:15:00,17:05:00,2018-01-06 14:19:02,7.4,1300,0
22,3U5016,MU5412,15:15:00,17:50:00,2017-11-23 14:08:55,7.4,1300,44
57,3U5016,MU5412,15:15:00,17:50:00,2017-11-23 14:08:58,7.4,1300,44
121,3U5016,MU5412,15:15:00,17:50:00,2017-11-24 14:22:17,7.4,1300,43
168,3U5016,MU5412,15:15:00,17:50:00,2017-11-24 14:22:30,7.4,1300,43
192,3U5016,MU5412,15:15:00,17:50:00,2017-11-25 14:17:54,7.4,1300,42
247,3U5016,MU5412,15:15:00,17:50:00,2017-11-25 14:17:56,7.4,1300,42
303,3U5016,MU5412,15:15:00,17:50:00,2017-11-26 14:23:55,7.4,1300,41
341,3U5016,MU5412,15:15:00,17:50:00,2017-11-26 14:23:56,7.4,1300,41
393,3U5016,MU5412,15:15:00,17:50:00,2017-11-27 14:05:44,7.4,1300,40
443,3U5016,MU5412,15:15:00,17:50:00,2017-11-27 14:05:46,7.4,1300,40
473,3U5016,MU5412,15:15:00,17:50:00,2017-11-28 14:11:00,7.4,1300,39
552,3U5016,MU5412,15:15:00,17:50:00,2017-11-29 14:16:56,7.4,1300,38
621,3U5016,MU5412,15:15:00,17:50:00,2017-11-29 14:17:01,7.4,1300,38
642,3U5016,MU5412,15:15:00,17:50:00,2017-11-30 14:27:23,7.4,1300,37
741,3U5016,MU5412,15:15:00,17:50:00,2017-12-01 14:07:21,7.4,1300,36
803,3U5016,MU5412,15:15:00,17:50:00,2017-12-01 14:07:22,7.4,1300,36
843,3U5016,MU5412,15:15:00,17:50:00,2017-12-02 14:00:57,7.4,1300,35
886,3U5016,MU5412,15:15:00,17:50:00,2017-12-02 14:00:58,7.4,1300,35
911,3U5016,MU5412,15:15:00,17:50:00,2017-12-03 13:58:12,7.4,1300,34
1028,3U5016,MU5412,15:15:00,17:50:00,2017-12-04 13:57:56,7.4,1300,33
1048,3U5016,MU5412,15:15:00,17:50:00,2017-12-04 13:57:57,7.4,1300,33
1085,3U5016,MU5412,15:15:00,17:50:00,2017-12-05 14:22:49,7.4,1300,32
1168,3U5016,MU5412,15:15:00,17:50:00,2017-12-05 14:22:50,7.4,1300,32
1198,3U5016,MU5412,15:15:00,17:50:00,2017-12-06 14:01:02,7.4,1300,31
1249,3U5016,MU5412,15:15:00,17:50:00,2017-12-06 14:01:03,7.4,1300,31
1272,3U5016,MU5412,15:15:00,17:50:00,2017-12-07 14:19:51,7.4,1300,30
1306,3U5016,MU5412,15:15:00,17:50:00,2017-12-07 14:19:52,7.4,1300,30
1365,3U5016,MU5412,15:15:00,17:50:00,2017-12-08 14:24:05,7.4,1300,29
1443,3U5016,MU5412,15:15:00,17:50:00,2017-12-09 14:04:55,7.4,1300,28
1497,3U5016,MU5412,15:15:00,17:50:00,2017-12-09 14:04:59,7.4,1300,28
1563,3U5016,MU5412,15:15:00,17:50:00,2017-12-10 14:03:23,7.4,1300,27
1615,3U5016,MU5412,15:15:00,17:50:00,2017-12-10 14:03:24,7.4,1300,27
1658,3U5016,MU5412,15:15:00,17:50:00,2017-12-11 14:27:59,8.4,1480,26
1675,3U5016,MU5412,15:15:00,17:50:00,2017-12-11 14:28:01,8.4,1480,26
1741,3U5016,MU5412,15:15:00,17:50:00,2017-12-12 13:59:02,8.4,1480,25
1784,3U5016,MU5412,15:15:00,17:50:00,2017-12-12 13:59:03,8.4,1480,25
1807,3U5016,MU5412,15:15:00,17:50:00,2017-12-13 14:07:51,8.4,1480,24
1842,3U5016,MU5412,15:15:00,17:50:00,2017-12-13 14:07:52,8.4,1480,24
1922,3U5016,MU5412,15:15:00,17:50:00,2017-12-14 14:16:52,8.4,1480,23
1979,3U5016,MU5412,15:15:00,17:50:00,2017-12-15 14:11:46,8.4,1480,22
2054,3U5016,MU5412,15:15:00,17:50:00,2017-12-15 14:11:56,8.4,1480,22
2066,3U5016,MU5412,15:15:00,17:50:00,2017-12-16 14:02:27,8.4,1480,21
2195,3U5016,MU5412,15:15:00,17:50:00,2017-12-17 14:13:03,8.4,1480,20
2234,3U5016,MU5412,15:15:00,17:50:00,2017-12-17 14:13:04,8.4,1480,20
2261,3U5016,MU5412,15:15:00,17:50:00,2017-12-18 14:12:04,8.4,1480,19
2370,3U5016,MU5412,15:15:00,17:50:00,2017-12-19 14:21:17,8.4,1480,18
2463,3U5016,MU5412,15:15:00,17:50:00,2017-12-20 14:09:48,8.4,1480,17
2487,3U5016,MU5412,15:15:00,17:50:00,2017-12-21 14:08:59,8.4,1480,16
2533,3U5016,MU5412,15:15:00,17:50:00,2017-12-21 14:09:02,8.4,1480,16
2576,3U5016,MU5412,15:15:00,17:50:00,2017-12-22 14:00:19,8.4,1480,15
2645,3U5016,MU5412,15:15:00,17:50:00,2017-12-22 14:00:20,8.4,1480,15
2691,3U5016,MU5412,15:15:00,17:50:00,2017-12-23 14:28:42,8.4,1480,14
2702,3U5016,MU5412,15:15:00,17:50:00,2017-12-23 14:28:45,8.4,1480,14
2787,3U5016,MU5412,15:15:00,17:50:00,2017-12-24 13:59:03,8.4,1480,13
2806,3U5016,MU5412,15:15:00,17:50:00,2017-12-24 13:59:08,8.4,1480,13
2853,3U5016,MU5412,15:15:00,17:50:00,2017-12-25 14:15:17,8.4,1480,12
2944,3U5016,MU5412,15:15:00,17:50:00,2017-12-26 14:17:08,8.4,1480,11
3035,3U5016,MU5412,15:15:00,17:50:00,2017-12-27 14:09:22,8.4,1480,10
3105,3U5016,MU5412,15:15:00,17:50:00,2017-12-27 14:09:27,8.4,1480,10
3150,3U5016,MU5412,15:15:00,17:50:00,2017-12-28 14:20:11,8.4,1480,9
3174,3U5016,MU5412,15:15:00,17:50:00,2017-12-28 14:20:12,8.4,1480,9
3242,3U5016,MU5412,15:15:00,17:50:00,2017-12-29 14:06:15,8.4,1480,8
3295,3U5016,MU5412,15:15:00,17:50:00,2017-12-29 14:06:16,8.4,1480,8
3334,3U5016,MU5412,15:15:00,17:50:00,2017-12-30 14:15:16,8.4,1480,7
3360,3U5016,MU5412,15:15:00,17:50:00,2017-12-30 14:15:17,8.4,1480,7
3459,3U5016,MU5412,15:15:00,17:50:00,2017-12-31 13:56:17,8.4,1480,6
3518,3U5016,MU5412,15:15:00,17:50:00,2018-01-01 13:57:10,8.4,1480,5
3595,3U5016,MU5412,15:15:00,17:50:00,2018-01-02 14:14:30,8.4,1480,4
3637,3U5016,MU5412,15:15:00,17:50:00,2018-01-02 14:14:31,8.4,1480,4
3683,3U5016,MU5412,15:15:00,17:50:00,2018-01-03 13:35:41,8.4,1480,3
3724,3U5016,MU5412,15:15:00,17:50:00,2018-01-04 13:57:51,8.4,1480,2
3771,3U5016,MU5412,15:15:00,17:50:00,2018-01-05 14:21:38,8.4,1480,1
3817,3U5016,MU5412,15:15:00,17:50:00,2018-01-06 14:19:02,7.4,1300,0
3857,3U5016,MU5412,15:15:00,17:50:00,2018-01-07 14:04:27,8.4,1480,0
5,9C8888,,13:40:00,16:25:00,2017-11-23 14:08:55,4.1,720,44
74,9C8888,,13:40:00,16:25:00,2017-11-23 14:08:58,4.1,720,44
105,9C8888,,13:40:00,16:25:00,2017-11-24 14:22:17,4.1,720,43
141,9C8888,,13:40:00,16:25:00,2017-11-24 14:22:30,4.1,720,43
209,9C8888,,13:40:00,16:25:00,2017-11-25 14:17:54,4.1,720,42
264,9C8888,,13:40:00,16:25:00,2017-11-25 14:17:56,4.1,720,42
287,9C8888,,13:40:00,16:25:00,2017-11-26 14:23:55,4.1,720,41
331,9C8888,,13:40:00,16:25:00,2017-11-26 14:23:56,4.1,720,41
365,9C8888,,13:40:00,16:25:00,2017-11-27 14:05:44,4.1,720,40
421,9C8888,,13:40:00,16:25:00,2017-11-27 14:05:46,4.1,720,40
456,9C8888,,13:40:00,16:25:00,2017-11-28 14:11:00,3.6,640,39
580,9C8888,,13:40:00,16:25:00,2017-11-29 14:16:56,3.6,640,38
593,9C8888,,13:40:00,16:25:00,2017-11-29 14:17:01,3.6,640,38
659,9C8888,,13:40:00,16:25:00,2017-11-30 14:27:23,3.1,550,37
758,9C8888,,13:40:00,16:25:00,2017-12-01 14:07:21,3.1,550,36
786,9C8888,,13:40:00,16:25:00,2017-12-01 14:07:22,3.1,550,36
826,9C8888,,13:40:00,16:25:00,2017-12-02 14:00:57,3.1,550,35
869,9C8888,,13:40:00,16:25:00,2017-12-02 14:00:58,3.1,550,35
928,9C8888,,13:40:00,16:25:00,2017-12-03 13:58:12,3.1,550,34
1011,9C8888,,13:40:00,16:25:00,2017-12-04 13:57:56,4.1,720,33
1065,9C8888,,13:40:00,16:25:00,2017-12-04 13:57:57,4.1,720,33
1101,9C8888,,13:40:00,16:25:00,2017-12-05 14:22:49,4.1,720,32
1151,9C8888,,13:40:00,16:25:00,2017-12-05 14:22:50,4.1,720,32
1211,9C8888,,13:40:00,16:25:00,2017-12-06 14:01:02,4.1,720,31
1232,9C8888,,13:40:00,16:25:00,2017-12-06 14:01:03,4.1,720,31
1288,9C8888,,13:40:00,16:25:00,2017-12-07 14:19:51,4.1,720,30
1322,9C8888,,13:40:00,16:25:00,2017-12-07 14:19:52,4.1,720,30
1382,9C8888,,13:40:00,16:25:00,2017-12-08 14:24:05,4.1,720,29
1471,9C8888,,13:40:00,16:25:00,2017-12-09 14:04:55,4.1,720,28
1514,9C8888,,13:40:00,16:25:00,2017-12-09 14:04:59,4.1,720,28
1550,9C8888,,13:40:00,16:25:00,2017-12-10 14:03:23,4.1,720,27
1587,9C8888,,13:40:00,16:25:00,2017-12-10 14:03:24,4.1,720,27
1637,9C8888,,13:40:00,16:25:00,2017-12-11 14:27:59,4.1,720,26
1692,9C8888,,13:40:00,16:25:00,2017-12-11 14:28:01,4.1,720,26
1725,9C8888,,13:40:00,16:25:00,2017-12-12 13:59:02,4.1,720,25
1767,9C8888,,13:40:00,16:25:00,2017-12-12 13:59:03,4.1,720,25
1824,9C8888,,13:40:00,16:25:00,2017-12-13 14:07:51,4.1,720,24
1868,9C8888,,13:40:00,16:25:00,2017-12-13 14:07:52,4.1,720,24
1905,9C8888,,13:40:00,16:25:00,2017-12-14 14:16:52,5.1,900,23
2016,9C8888,,13:40:00,16:25:00,2017-12-15 14:11:46,5.1,900,22
2038,9C8888,,13:40:00,16:25:00,2017-12-15 14:11:56,5.1,900,22
2079,9C8888,,13:40:00,16:25:00,2017-12-16 14:02:27,5.1,900,21
2178,9C8888,,13:40:00,16:25:00,2017-12-17 14:13:03,5.1,900,20
2217,9C8888,,13:40:00,16:25:00,2017-12-17 14:13:04,5.1,900,20
2278,9C8888,,13:40:00,16:25:00,2017-12-18 14:12:04,4.6,810,19
2353,9C8888,,13:40:00,16:25:00,2017-12-19 14:21:17,4.6,810,18
2445,9C8888,,13:40:00,16:25:00,2017-12-20 14:09:48,4.6,810,17
2505,9C8888,,13:40:00,16:25:00,2017-12-21 14:08:59,4.6,810,16
2551,9C8888,,13:40:00,16:25:00,2017-12-21 14:09:02,4.6,810,16
2593,9C8888,,13:40:00,16:25:00,2017-12-22 14:00:19,4.6,810,15
2627,9C8888,,13:40:00,16:25:00,2017-12-22 14:00:20,4.6,810,15
2673,9C8888,,13:40:00,16:25:00,2017-12-23 14:28:42,4.6,810,14
2728,9C8888,,13:40:00,16:25:00,2017-12-23 14:28:45,4.6,810,14
2769,9C8888,,13:40:00,16:25:00,2017-12-24 13:59:03,4.6,810,13
2824,9C8888,,13:40:00,16:25:00,2017-12-24 13:59:08,4.6,810,13
2871,9C8888,,13:40:00,16:25:00,2017-12-25 14:15:17,4.6,810,12
2962,9C8888,,13:40:00,16:25:00,2017-12-26 14:17:08,4.6,810,11
3053,9C8888,,13:40:00,16:25:00,2017-12-27 14:09:22,4.1,720,10
3087,9C8888,,13:40:00,16:25:00,2017-12-27 14:09:27,4.1,720,10
3132,9C8888,,13:40:00,16:25:00,2017-12-28 14:20:11,4.6,810,9
3192,9C8888,,13:40:00,16:25:00,2017-12-28 14:20:12,4.6,810,9
3225,9C8888,,13:40:00,16:25:00,2017-12-29 14:06:15,4.6,810,8
3277,9C8888,,13:40:00,16:25:00,2017-12-29 14:06:16,4.6,810,8
3317,9C8888,,13:40:00,16:25:00,2017-12-30 14:15:16,5.1,900,7
3388,9C8888,,13:40:00,16:25:00,2017-12-30 14:15:17,5.1,900,7
3401,9C8888,,13:40:00,16:25:00,2017-12-31 13:56:17,4.6,810,6
3501,9C8888,,13:40:00,16:25:00,2018-01-01 13:57:10,4.6,810,5
3613,9C8888,,13:40:00,16:25:00,2018-01-02 14:14:30,4.1,720,4
3655,9C8888,,13:40:00,16:25:00,2018-01-02 14:14:31,4.1,720,4
3700,9C8888,,13:40:00,16:25:00,2018-01-03 13:35:41,4.1,720,3
3742,9C8888,,13:40:00,16:25:00,2018-01-04 13:57:51,5.1,900,2
3789,9C8888,,13:40:00,16:25:00,2018-01-05 14:21:38,4.6,810,1
3833,9C8888,,13:40:00,16:25:00,2018-01-06 14:19:02,6.1,1080,0
13,CA3222,HO1120,13:10:00,15:55:00,2017-11-23 14:08:55,6.4,1130,44
66,CA3222,HO1120,13:10:00,15:55:00,2017-11-23 14:08:58,6.4,1130,44
113,CA3222,HO1120,13:10:00,15:55:00,2017-11-24 14:22:17,6.4,1130,43
159,CA3222,HO1120,13:10:00,15:55:00,2017-11-24 14:22:30,6.4,1130,43
201,CA3222,HO1120,13:10:00,15:55:00,2017-11-25 14:17:54,6.4,1130,42
256,CA3222,HO1120,13:10:00,15:55:00,2017-11-25 14:17:56,6.4,1130,42
295,CA3222,HO1120,13:10:00,15:55:00,2017-11-26 14:23:55,6.4,1130,41
349,CA3222,HO1120,13:10:00,15:55:00,2017-11-26 14:23:56,6.4,1130,41
402,CA3222,HO1120,13:10:00,15:55:00,2017-11-27 14:05:44,6.4,1130,40
434,CA3222,HO1120,13:10:00,15:55:00,2017-11-27 14:05:46,6.4,1130,40
464,CA3222,HO1120,13:10:00,15:55:00,2017-11-28 14:11:00,6.4,1130,39
543,CA3222,HO1120,13:10:00,15:55:00,2017-11-29 14:16:56,6.4,1130,38
585,CA3222,HO1120,13:10:00,15:55:00,2017-11-29 14:17:01,6.4,1130,38
651,CA3222,HO1120,13:10:00,15:55:00,2017-11-30 14:27:23,6.4,1130,37
750,CA3222,HO1120,13:10:00,15:55:00,2017-12-01 14:07:21,6.4,1130,36
794,CA3222,HO1120,13:10:00,15:55:00,2017-12-01 14:07:22,6.4,1130,36
834,CA3222,HO1120,13:10:00,15:55:00,2017-12-02 14:00:57,6.4,1130,35
877,CA3222,HO1120,13:10:00,15:55:00,2017-12-02 14:00:58,6.4,1130,35
920,CA3222,HO1120,13:10:00,15:55:00,2017-12-03 13:58:12,6.4,1130,34
1019,CA3222,HO1120,13:10:00,15:55:00,2017-12-04 13:57:56,6.4,1130,33
1057,CA3222,HO1120,13:10:00,15:55:00,2017-12-04 13:57:57,6.4,1130,33
1110,CA3222,HO1120,13:10:00,15:55:00,2017-12-05 14:22:49,6.4,1130,32
1159,CA3222,HO1120,13:10:00,15:55:00,2017-12-05 14:22:50,6.4,1130,32
1203,CA3222,HO1120,13:10:00,15:55:00,2017-12-06 14:01:02,6.4,1130,31
1240,CA3222,HO1120,13:10:00,15:55:00,2017-12-06 14:01:03,6.4,1130,31
1281,CA3222,HO1120,13:10:00,15:55:00,2017-12-07 14:19:51,6.4,1130,30
1314,CA3222,HO1120,13:10:00,15:55:00,2017-12-07 14:19:52,6.4,1130,30
1374,CA3222,HO1120,13:10:00,15:55:00,2017-12-08 14:24:05,6.4,1130,29
1479,CA3222,HO1120,13:10:00,15:55:00,2017-12-09 14:04:55,6.4,1130,28
1506,CA3222,HO1120,13:10:00,15:55:00,2017-12-09 14:04:59,6.4,1130,28
1558,CA3222,HO1120,13:10:00,15:55:00,2017-12-10 14:03:23,6.4,1130,27
1579,CA3222,HO1120,13:10:00,15:55:00,2017-12-10 14:03:24,6.4,1130,27
1629,CA3222,HO1120,13:10:00,15:55:00,2017-12-11 14:27:59,6.4,1130,26
1684,CA3222,HO1120,13:10:00,15:55:00,2017-12-11 14:28:01,6.4,1130,26
1732,CA3222,HO1120,13:10:00,15:55:00,2017-12-12 13:59:02,6.4,1130,25
1774,CA3222,HO1120,13:10:00,15:55:00,2017-12-12 13:59:03,6.4,1130,25
1816,CA3222,HO1120,13:10:00,15:55:00,2017-12-13 14:07:51,6.4,1130,24
1860,CA3222,HO1120,13:10:00,15:55:00,2017-12-13 14:07:52,6.4,1130,24
1913,CA3222,HO1120,13:10:00,15:55:00,2017-12-14 14:16:52,6.4,1130,23
1994,CA3222,HO1120,13:10:00,15:55:00,2017-12-15 14:11:46,6.4,1130,22
2021,CA3222,HO1120,13:10:00,15:55:00,2017-12-15 14:11:56,6.4,1130,22
2087,CA3222,HO1120,13:10:00,15:55:00,2017-12-16 14:02:27,6.4,1130,21
2186,CA3222,HO1120,13:10:00,15:55:00,2017-12-17 14:13:03,6.4,1130,20
2225,CA3222,HO1120,13:10:00,15:55:00,2017-12-17 14:13:04,6.4,1130,20
2270,CA3222,HO1120,13:10:00,15:55:00,2017-12-18 14:12:04,6.4,1130,19
2361,CA3222,HO1120,13:10:00,15:55:00,2017-12-19 14:21:17,6.4,1130,18
2453,CA3222,HO1120,13:10:00,15:55:00,2017-12-20 14:09:48,6.4,1130,17
2497,CA3222,HO1120,13:10:00,15:55:00,2017-12-21 14:08:59,6.4,1130,16
2543,CA3222,HO1120,13:10:00,15:55:00,2017-12-21 14:09:02,6.4,1130,16
2585,CA3222,HO1120,13:10:00,15:55:00,2017-12-22 14:00:19,6.4,1130,15
2635,CA3222,HO1120,13:10:00,15:55:00,2017-12-22 14:00:20,6.4,1130,15
2681,CA3222,HO1120,13:10:00,15:55:00,2017-12-23 14:28:42,6.4,1130,14
2736,CA3222,HO1120,13:10:00,15:55:00,2017-12-23 14:28:45,6.4,1130,14
2777,CA3222,HO1120,13:10:00,15:55:00,2017-12-24 13:59:03,6.4,1130,13
2816,CA3222,HO1120,13:10:00,15:55:00,2017-12-24 13:59:08,6.4,1130,13
2863,CA3222,HO1120,13:10:00,15:55:00,2017-12-25 14:15:17,6.4,1130,12
2954,CA3222,HO1120,13:10:00,15:55:00,2017-12-26 14:17:08,6.4,1130,11
3045,CA3222,HO1120,13:10:00,15:55:00,2017-12-27 14:09:22,6.4,1130,10
3095,CA3222,HO1120,13:10:00,15:55:00,2017-12-27 14:09:27,6.4,1130,10
3140,CA3222,HO1120,13:10:00,15:55:00,2017-12-28 14:20:11,6.4,1130,9
3184,CA3222,HO1120,13:10:00,15:55:00,2017-12-28 14:20:12,6.4,1130,9
3232,CA3222,HO1120,13:10:00,15:55:00,2017-12-29 14:06:15,6.4,1130,8
3285,CA3222,HO1120,13:10:00,15:55:00,2017-12-29 14:06:16,6.4,1130,8
3325,CA3222,HO1120,13:10:00,15:55:00,2017-12-30 14:15:16,6.4,1130,7
3350,CA3222,HO1120,13:10:00,15:55:00,2017-12-30 14:15:17,6.4,1130,7
3409,CA3222,HO1120,13:10:00,15:55:00,2017-12-31 13:56:17,6.4,1130,6
3509,CA3222,HO1120,13:10:00,15:55:00,2018-01-01 13:57:10,6.4,1130,5
3605,CA3222,HO1120,13:10:00,15:55:00,2018-01-02 14:14:30,6.4,1130,4
3647,CA3222,HO1120,13:10:00,15:55:00,2018-01-02 14:14:31,6.4,1130,4
3668,CA3222,HO1120,13:10:00,15:55:00,2018-01-03 13:35:41,6.4,1130,3
3734,CA3222,HO1120,13:10:00,15:55:00,2018-01-04 13:57:51,6.4,1130,2
3781,CA3222,HO1120,13:10:00,15:55:00,2018-01-05 14:21:38,6.4,1130,1
3823,CA3222,HO1120,13:10:00,15:55:00,2018-01-06 14:19:02,6.4,1130,0
42,CA3294,HO1098,14:55:00,17:55:00,2017-11-23 14:08:55,6.4,1130,44
53,CA3294,HO1098,14:55:00,17:55:00,2017-11-23 14:08:58,6.4,1130,44
92,CA3294,HO1098,14:55:00,17:55:00,2017-11-24 14:22:17,6.4,1130,43
172,CA3294,HO1098,14:55:00,17:55:00,2017-11-24 14:22:30,6.4,1130,43
188,CA3294,HO1098,14:55:00,17:55:00,2017-11-25 14:17:54,6.4,1130,42
243,CA3294,HO1098,14:55:00,17:55:00,2017-11-25 14:17:56,6.4,1130,42
307,CA3294,HO1098,14:55:00,17:55:00,2017-11-26 14:23:55,6.4,1130,41
337,CA3294,HO1098,14:55:00,17:55:00,2017-11-26 14:23:56,6.4,1130,41
389,CA3294,HO1098,14:55:00,17:55:00,2017-11-27 14:05:44,6.4,1130,40
447,CA3294,HO1098,14:55:00,17:55:00,2017-11-27 14:05:46,6.4,1130,40
477,CA3294,HO1098,14:55:00,17:55:00,2017-11-28 14:11:00,6.4,1130,39
556,CA3294,HO1098,14:55:00,17:55:00,2017-11-29 14:16:56,6.4,1130,38
616,CA3294,HO1098,14:55:00,17:55:00,2017-11-29 14:17:01,6.4,1130,38
638,CA3294,HO1098,14:55:00,17:55:00,2017-11-30 14:27:23,6.4,1130,37
737,CA3294,HO1098,14:55:00,17:55:00,2017-12-01 14:07:21,6.4,1130,36
807,CA3294,HO1098,14:55:00,17:55:00,2017-12-01 14:07:22,6.4,1130,36
847,CA3294,HO1098,14:55:00,17:55:00,2017-12-02 14:00:57,6.4,1130,35
890,CA3294,HO1098,14:55:00,17:55:00,2017-12-02 14:00:58,6.4,1130,35
907,CA3294,HO1098,14:55:00,17:55:00,2017-12-03 13:58:12,6.4,1130,34
1032,CA3294,HO1098,14:55:00,17:55:00,2017-12-04 13:57:56,6.4,1130,33
1044,CA3294,HO1098,14:55:00,17:55:00,2017-12-04 13:57:57,6.4,1130,33
1121,CA3294,HO1098,14:55:00,17:55:00,2017-12-05 14:22:49,6.4,1130,32
1132,CA3294,HO1098,14:55:00,17:55:00,2017-12-05 14:22:50,6.4,1130,32
1189,CA3294,HO1098,14:55:00,17:55:00,2017-12-06 14:01:02,6.4,1130,31
1253,CA3294,HO1098,14:55:00,17:55:00,2017-12-06 14:01:03,6.4,1130,31
1268,CA3294,HO1098,14:55:00,17:55:00,2017-12-07 14:19:51,6.4,1130,30
1343,CA3294,HO1098,14:55:00,17:55:00,2017-12-07 14:19:52,6.4,1130,30
1361,CA3294,HO1098,14:55:00,17:55:00,2017-12-08 14:24:05,6.4,1130,29
1447,CA3294,HO1098,14:55:00,17:55:00,2017-12-09 14:04:55,6.4,1130,28
1493,CA3294,HO1098,14:55:00,17:55:00,2017-12-09 14:04:59,6.4,1130,28
1567,CA3294,HO1098,14:55:00,17:55:00,2017-12-10 14:03:23,6.4,1130,27
1611,CA3294,HO1098,14:55:00,17:55:00,2017-12-10 14:03:24,6.4,1130,27
1662,CA3294,HO1098,14:55:00,17:55:00,2017-12-11 14:27:59,6.4,1130,26
1671,CA3294,HO1098,14:55:00,17:55:00,2017-12-11 14:28:01,6.4,1130,26
1745,CA3294,HO1098,14:55:00,17:55:00,2017-12-12 13:59:02,6.4,1130,25
1788,CA3294,HO1098,14:55:00,17:55:00,2017-12-12 13:59:03,6.4,1130,25
1799,CA3294,HO1098,14:55:00,17:55:00,2017-12-13 14:07:51,6.4,1130,24
1846,CA3294,HO1098,14:55:00,17:55:00,2017-12-13 14:07:52,6.4,1130,24
1926,CA3294,HO1098,14:55:00,17:55:00,2017-12-14 14:16:52,6.4,1130,23
1983,CA3294,HO1098,14:55:00,17:55:00,2017-12-15 14:11:46,6.4,1130,22
2058,CA3294,HO1098,14:55:00,17:55:00,2017-12-15 14:11:56,6.4,1130,22
2100,CA3294,HO1098,14:55:00,17:55:00,2017-12-16 14:02:27,6.4,1130,21
2199,CA3294,HO1098,14:55:00,17:55:00,2017-12-17 14:13:03,6.4,1130,20
2238,CA3294,HO1098,14:55:00,17:55:00,2017-12-17 14:13:04,6.4,1130,20
2257,CA3294,HO1098,14:55:00,17:55:00,2017-12-18 14:12:04,6.4,1130,19
2374,CA3294,HO1098,14:55:00,17:55:00,2017-12-19 14:21:17,6.4,1130,18
2467,CA3294,HO1098,14:55:00,17:55:00,2017-12-20 14:09:48,6.4,1130,17
2483,CA3294,HO1098,14:55:00,17:55:00,2017-12-21 14:08:59,6.4,1130,16
2529,CA3294,HO1098,14:55:00,17:55:00,2017-12-21 14:09:02,6.4,1130,16
2572,CA3294,HO1098,14:55:00,17:55:00,2017-12-22 14:00:19,6.4,1130,15
2649,CA3294,HO1098,14:55:00,17:55:00,2017-12-22 14:00:20,6.4,1130,15
2694,CA3294,HO1098,14:55:00,17:55:00,2017-12-23 14:28:42,6.4,1130,14
2710,CA3294,HO1098,14:55:00,17:55:00,2017-12-23 14:28:45,6.4,1130,14
2791,CA3294,HO1098,14:55:00,17:55:00,2017-12-24 13:59:03,6.4,1130,13
2802,CA3294,HO1098,14:55:00,17:55:00,2017-12-24 13:59:08,6.4,1130,13
2849,CA3294,HO1098,14:55:00,17:55:00,2017-12-25 14:15:17,6.4,1130,12
2940,CA3294,HO1098,14:55:00,17:55:00,2017-12-26 14:17:08,6.4,1130,11
3031,CA3294,HO1098,14:55:00,17:55:00,2017-12-27 14:09:22,6.4,1130,10
3109,CA3294,HO1098,14:55:00,17:55:00,2017-12-27 14:09:27,6.4,1130,10
3154,CA3294,HO1098,14:55:00,17:55:00,2017-12-28 14:20:11,6.4,1130,9
3170,CA3294,HO1098,14:55:00,17:55:00,2017-12-28 14:20:12,6.4,1130,9
3246,CA3294,HO1098,14:55:00,17:55:00,2017-12-29 14:06:15,6.4,1130,8
3299,CA3294,HO1098,14:55:00,17:55:00,2017-12-29 14:06:16,6.4,1130,8
3338,CA3294,HO1098,14:55:00,17:55:00,2017-12-30 14:15:16,6.4,1130,7
3364,CA3294,HO1098,14:55:00,17:55:00,2017-12-30 14:15:17,6.4,1130,7
3410,CA3294,HO1098,14:55:00,17:55:00,2017-12-31 13:56:17,6.4,1130,6
3522,CA3294,HO1098,14:55:00,17:55:00,2018-01-01 13:57:10,6.4,1130,5
3591,CA3294,HO1098,14:55:00,17:55:00,2018-01-02 14:14:30,6.4,1130,4
3633,CA3294,HO1098,14:55:00,17:55:00,2018-01-02 14:14:31,6.4,1130,4
3679,CA3294,HO1098,14:55:00,17:55:00,2018-01-03 13:35:41,6.4,1130,3
3720,CA3294,HO1098,14:55:00,17:55:00,2018-01-04 13:57:51,6.4,1130,2
3767,CA3294,HO1098,14:55:00,17:55:00,2018-01-05 14:21:38,6.4,1130,1
3813,CA3294,HO1098,14:55:00,17:55:00,2018-01-06 14:19:02,6.4,1130,0
33,CA3953,TV9865,12:55:00,15:35:00,2017-11-23 14:08:55,10.0,1760,44
81,CA3953,TV9865,12:55:00,15:35:00,2017-11-23 14:08:58,10.0,1760,44
132,CA3953,TV9865,12:55:00,15:35:00,2017-11-24 14:22:17,10.0,1760,43
154,CA3953,TV9865,12:55:00,15:35:00,2017-11-24 14:22:30,10.0,1760,43
216,CA3953,TV9865,12:55:00,15:35:00,2017-11-25 14:17:54,10.0,1760,42
232,CA3953,TV9865,12:55:00,15:35:00,2017-11-25 14:17:56,10.0,1760,42
280,CA3953,TV9865,12:55:00,15:35:00,2017-11-26 14:23:55,10.0,1760,41
324,CA3953,TV9865,12:55:00,15:35:00,2017-11-26 14:23:56,10.0,1760,41
372,CA3953,TV9865,12:55:00,15:35:00,2017-11-27 14:05:44,10.0,1760,40
414,CA3953,TV9865,12:55:00,15:35:00,2017-11-27 14:05:46,10.0,1760,40
486,CA3953,TV9865,12:55:00,15:35:00,2017-11-28 14:11:00,10.0,1760,39
566,CA3953,TV9865,12:55:00,15:35:00,2017-11-29 14:16:56,10.0,1760,38
600,CA3953,TV9865,12:55:00,15:35:00,2017-11-29 14:17:01,10.0,1760,38
666,CA3953,TV9865,12:55:00,15:35:00,2017-11-30 14:27:23,10.0,1760,37
720,CA3953,TV9865,12:55:00,15:35:00,2017-12-01 14:07:21,10.0,1760,36
775,CA3953,TV9865,12:55:00,15:35:00,2017-12-01 14:07:22,10.0,1760,36
819,CA3953,TV9865,12:55:00,15:35:00,2017-12-02 14:00:57,10.0,1760,35
899,CA3953,TV9865,12:55:00,15:35:00,2017-12-02 14:00:58,10.0,1760,35
939,CA3953,TV9865,12:55:00,15:35:00,2017-12-03 13:58:12,10.0,1760,34
1004,CA3953,TV9865,12:55:00,15:35:00,2017-12-04 13:57:56,10.0,1760,33
1072,CA3953,TV9865,12:55:00,15:35:00,2017-12-04 13:57:57,10.0,1760,33
1092,CA3953,TV9865,12:55:00,15:35:00,2017-12-05 14:22:49,7.4,1300,32
1144,CA3953,TV9865,12:55:00,15:35:00,2017-12-05 14:22:50,7.4,1300,32
1173,CA3953,TV9865,12:55:00,15:35:00,2017-12-06 14:01:02,7.4,1300,31
1225,CA3953,TV9865,12:55:00,15:35:00,2017-12-06 14:01:03,7.4,1300,31
1295,CA3953,TV9865,12:55:00,15:35:00,2017-12-07 14:19:51,7.4,1300,30
1329,CA3953,TV9865,12:55:00,15:35:00,2017-12-07 14:19:52,7.4,1300,30
1389,CA3953,TV9865,12:55:00,15:35:00,2017-12-08 14:24:05,7.4,1300,29
1461,CA3953,TV9865,12:55:00,15:35:00,2017-12-09 14:04:55,7.4,1300,28
1524,CA3953,TV9865,12:55:00,15:35:00,2017-12-09 14:04:59,7.4,1300,28
1543,CA3953,TV9865,12:55:00,15:35:00,2017-12-10 14:03:23,7.4,1300,27
1606,CA3953,TV9865,12:55:00,15:35:00,2017-12-10 14:03:24,7.4,1300,27
1644,CA3953,TV9865,12:55:00,15:35:00,2017-12-11 14:27:59,5.4,950,26
1699,CA3953,TV9865,12:55:00,15:35:00,2017-12-11 14:28:01,5.4,950,26
1719,CA3953,TV9865,12:55:00,15:35:00,2017-12-12 13:59:02,5.4,950,25
1761,CA3953,TV9865,12:55:00,15:35:00,2017-12-12 13:59:03,5.4,950,25
1831,CA3953,TV9865,12:55:00,15:35:00,2017-12-13 14:07:51,5.4,950,24
1875,CA3953,TV9865,12:55:00,15:35:00,2017-12-13 14:07:52,5.4,950,24
1898,CA3953,TV9865,12:55:00,15:35:00,2017-12-14 14:16:52,5.4,950,23
2008,CA3953,TV9865,12:55:00,15:35:00,2017-12-15 14:11:46,5.4,950,22
2031,CA3953,TV9865,12:55:00,15:35:00,2017-12-15 14:11:56,5.4,950,22
2072,CA3953,TV9865,12:55:00,15:35:00,2017-12-16 14:02:27,5.4,950,21
2171,CA3953,TV9865,12:55:00,15:35:00,2017-12-17 14:13:03,5.4,950,20
2211,CA3953,TV9865,12:55:00,15:35:00,2017-12-17 14:13:04,5.4,950,20
2285,CA3953,TV9865,12:55:00,15:35:00,2017-12-18 14:12:04,5.4,950,19
2346,CA3953,TV9865,12:55:00,15:35:00,2017-12-19 14:21:17,5.4,950,18
2438,CA3953,TV9865,12:55:00,15:35:00,2017-12-20 14:09:48,5.4,950,17
2512,CA3953,TV9865,12:55:00,15:35:00,2017-12-21 14:08:59,5.4,950,16
2558,CA3953,TV9865,12:55:00,15:35:00,2017-12-21 14:09:02,5.4,950,16
2600,CA3953,TV9865,12:55:00,15:35:00,2017-12-22 14:00:19,5.4,950,15
2620,CA3953,TV9865,12:55:00,15:35:00,2017-12-22 14:00:20,5.4,950,15
2666,CA3953,TV9865,12:55:00,15:35:00,2017-12-23 14:28:42,5.4,950,14
2721,CA3953,TV9865,12:55:00,15:35:00,2017-12-23 14:28:45,5.4,950,14
2762,CA3953,TV9865,12:55:00,15:35:00,2017-12-24 13:59:03,5.4,950,13
2831,CA3953,TV9865,12:55:00,15:35:00,2017-12-24 13:59:08,5.4,950,13
2878,CA3953,TV9865,12:55:00,15:35:00,2017-12-25 14:15:17,5.4,950,12
2969,CA3953,TV9865,12:55:00,15:35:00,2017-12-26 14:17:08,5.4,950,11
3060,CA3953,TV9865,12:55:00,15:35:00,2017-12-27 14:09:22,5.4,950,10
3080,CA3953,TV9865,12:55:00,15:35:00,2017-12-27 14:09:27,5.4,950,10
3125,CA3953,TV9865,12:55:00,15:35:00,2017-12-28 14:20:11,5.4,950,9
3199,CA3953,TV9865,12:55:00,15:35:00,2017-12-28 14:20:12,5.4,950,9
3218,CA3953,TV9865,12:55:00,15:35:00,2017-12-29 14:06:15,5.4,950,8
3268,CA3953,TV9865,12:55:00,15:35:00,2017-12-29 14:06:16,5.4,950,8
3310,CA3953,TV9865,12:55:00,15:35:00,2017-12-30 14:15:16,5.4,950,7
3381,CA3953,TV9865,12:55:00,15:35:00,2017-12-30 14:15:17,5.4,950,7
3394,CA3953,TV9865,12:55:00,15:35:00,2017-12-31 13:56:17,5.4,950,6
3494,CA3953,TV9865,12:55:00,15:35:00,2018-01-01 13:57:10,5.4,950,5
3620,CA3953,TV9865,12:55:00,15:35:00,2018-01-02 14:14:30,5.4,950,4
3662,CA3953,TV9865,12:55:00,15:35:00,2018-01-02 14:14:31,5.4,950,4
3707,CA3953,TV9865,12:55:00,15:35:00,2018-01-03 13:35:41,4.9,860,3
3749,CA3953,TV9865,12:55:00,15:35:00,2018-01-04 13:57:51,4.9,860,2
3796,CA3953,TV9865,12:55:00,15:35:00,2018-01-05 14:21:38,5.4,950,1
3840,CA3953,TV9865,12:55:00,15:35:00,2018-01-06 14:19:02,6.4,1130,0
14,CA3965,TV9881,10:50:00,13:30:00,2017-11-23 14:08:55,10.0,1760,44
65,CA3965,TV9881,10:50:00,13:30:00,2017-11-23 14:08:58,10.0,1760,44
100,CA3965,TV9881,10:50:00,13:30:00,2017-11-24 14:22:17,10.0,1760,43
160,CA3965,TV9881,10:50:00,13:30:00,2017-11-24 14:22:30,10.0,1760,43
200,CA3965,TV9881,10:50:00,13:30:00,2017-11-25 14:17:54,10.0,1760,42
255,CA3965,TV9881,10:50:00,13:30:00,2017-11-25 14:17:56,10.0,1760,42
296,CA3965,TV9881,10:50:00,13:30:00,2017-11-26 14:23:55,10.0,1760,41
350,CA3965,TV9881,10:50:00,13:30:00,2017-11-26 14:23:56,10.0,1760,41
401,CA3965,TV9881,10:50:00,13:30:00,2017-11-27 14:05:44,10.0,1760,40
435,CA3965,TV9881,10:50:00,13:30:00,2017-11-27 14:05:46,10.0,1760,40
465,CA3965,TV9881,10:50:00,13:30:00,2017-11-28 14:11:00,10.0,1760,39
544,CA3965,TV9881,10:50:00,13:30:00,2017-11-29 14:16:56,10.0,1760,38
629,CA3965,TV9881,10:50:00,13:30:00,2017-11-29 14:17:01,10.0,1760,38
650,CA3965,TV9881,10:50:00,13:30:00,2017-11-30 14:27:23,10.0,1760,37
749,CA3965,TV9881,10:50:00,13:30:00,2017-12-01 14:07:21,10.0,1760,36
795,CA3965,TV9881,10:50:00,13:30:00,2017-12-01 14:07:22,10.0,1760,36
835,CA3965,TV9881,10:50:00,13:30:00,2017-12-02 14:00:57,10.0,1760,35
878,CA3965,TV9881,10:50:00,13:30:00,2017-12-02 14:00:58,10.0,1760,35
919,CA3965,TV9881,10:50:00,13:30:00,2017-12-03 13:58:12,10.0,1760,34
1020,CA3965,TV9881,10:50:00,13:30:00,2017-12-04 13:57:56,10.0,1760,33
1056,CA3965,TV9881,10:50:00,13:30:00,2017-12-04 13:57:57,10.0,1760,33
1111,CA3965,TV9881,10:50:00,13:30:00,2017-12-05 14:22:49,7.4,1300,32
1160,CA3965,TV9881,10:50:00,13:30:00,2017-12-05 14:22:50,7.4,1300,32
1202,CA3965,TV9881,10:50:00,13:30:00,2017-12-06 14:01:02,7.4,1300,31
1241,CA3965,TV9881,10:50:00,13:30:00,2017-12-06 14:01:03,7.4,1300,31
1280,CA3965,TV9881,10:50:00,13:30:00,2017-12-07 14:19:51,7.4,1300,30
1313,CA3965,TV9881,10:50:00,13:30:00,2017-12-07 14:19:52,7.4,1300,30
1373,CA3965,TV9881,10:50:00,13:30:00,2017-12-08 14:24:05,7.4,1300,29
1480,CA3965,TV9881,10:50:00,13:30:00,2017-12-09 14:04:55,7.4,1300,28
1505,CA3965,TV9881,10:50:00,13:30:00,2017-12-09 14:04:59,7.4,1300,28
1559,CA3965,TV9881,10:50:00,13:30:00,2017-12-10 14:03:23,7.4,1300,27
1578,CA3965,TV9881,10:50:00,13:30:00,2017-12-10 14:03:24,7.4,1300,27
1628,CA3965,TV9881,10:50:00,13:30:00,2017-12-11 14:27:59,5.4,950,26
1683,CA3965,TV9881,10:50:00,13:30:00,2017-12-11 14:28:01,5.4,950,26
1733,CA3965,TV9881,10:50:00,13:30:00,2017-12-12 13:59:02,5.4,950,25
1775,CA3965,TV9881,10:50:00,13:30:00,2017-12-12 13:59:03,5.4,950,25
1815,CA3965,TV9881,10:50:00,13:30:00,2017-12-13 14:07:51,5.4,950,24
1859,CA3965,TV9881,10:50:00,13:30:00,2017-12-13 14:07:52,5.4,950,24
1914,CA3965,TV9881,10:50:00,13:30:00,2017-12-14 14:16:52,5.4,950,23
1995,CA3965,TV9881,10:50:00,13:30:00,2017-12-15 14:11:46,5.4,950,22
2046,CA3965,TV9881,10:50:00,13:30:00,2017-12-15 14:11:56,5.4,950,22
2088,CA3965,TV9881,10:50:00,13:30:00,2017-12-16 14:02:27,5.4,950,21
2187,CA3965,TV9881,10:50:00,13:30:00,2017-12-17 14:13:03,5.4,950,20
2226,CA3965,TV9881,10:50:00,13:30:00,2017-12-17 14:13:04,5.4,950,20
2269,CA3965,TV9881,10:50:00,13:30:00,2017-12-18 14:12:04,5.4,950,19
2362,CA3965,TV9881,10:50:00,13:30:00,2017-12-19 14:21:17,5.4,950,18
2454,CA3965,TV9881,10:50:00,13:30:00,2017-12-20 14:09:48,5.4,950,17
2496,CA3965,TV9881,10:50:00,13:30:00,2017-12-21 14:08:59,5.4,950,16
2542,CA3965,TV9881,10:50:00,13:30:00,2017-12-21 14:09:02,5.4,950,16
2564,CA3965,TV9881,10:50:00,13:30:00,2017-12-22 14:00:19,5.4,950,15
2636,CA3965,TV9881,10:50:00,13:30:00,2017-12-22 14:00:20,5.4,950,15
2682,CA3965,TV9881,10:50:00,13:30:00,2017-12-23 14:28:42,5.4,950,14
2737,CA3965,TV9881,10:50:00,13:30:00,2017-12-23 14:28:45,5.4,950,14
2778,CA3965,TV9881,10:50:00,13:30:00,2017-12-24 13:59:03,5.4,950,13
2815,CA3965,TV9881,10:50:00,13:30:00,2017-12-24 13:59:08,5.4,950,13
2862,CA3965,TV9881,10:50:00,13:30:00,2017-12-25 14:15:17,5.4,950,12
2953,CA3965,TV9881,10:50:00,13:30:00,2017-12-26 14:17:08,5.4,950,11
3044,CA3965,TV9881,10:50:00,13:30:00,2017-12-27 14:09:22,5.4,950,10
3096,CA3965,TV9881,10:50:00,13:30:00,2017-12-27 14:09:27,5.4,950,10
3141,CA3965,TV9881,10:50:00,13:30:00,2017-12-28 14:20:11,5.4,950,9
3183,CA3965,TV9881,10:50:00,13:30:00,2017-12-28 14:20:12,5.4,950,9
3233,CA3965,TV9881,10:50:00,13:30:00,2017-12-29 14:06:15,5.4,950,8
3286,CA3965,TV9881,10:50:00,13:30:00,2017-12-29 14:06:16,5.4,950,8
3300,CA3965,TV9881,10:50:00,13:30:00,2017-12-30 14:15:16,5.4,950,7
3351,CA3965,TV9881,10:50:00,13:30:00,2017-12-30 14:15:17,5.4,950,7
3411,CA3965,TV9881,10:50:00,13:30:00,2017-12-31 13:56:17,5.4,950,6
3484,CA3965,TV9881,10:50:00,13:30:00,2018-01-01 13:57:10,5.4,950,5
3604,CA3965,TV9881,10:50:00,13:30:00,2018-01-02 14:14:30,5.4,950,4
3646,CA3965,TV9881,10:50:00,13:30:00,2018-01-02 14:14:31,5.4,950,4
3692,CA3965,TV9881,10:50:00,13:30:00,2018-01-03 13:35:41,5.4,950,3
3733,CA3965,TV9881,10:50:00,13:30:00,2018-01-04 13:57:51,5.4,950,2
3780,CA3965,TV9881,10:50:00,13:30:00,2018-01-05 14:21:38,4.9,860,1
3822,CA3965,TV9881,10:50:00,13:30:00,2018-01-06 14:19:02,6.4,1130,0
6,CA4501,,16:45:00,19:30:00,2017-11-23 14:08:55,7.4,1300,44
73,CA4501,,16:45:00,19:30:00,2017-11-23 14:08:58,7.4,1300,44
106,CA4501,,16:45:00,19:30:00,2017-11-24 14:22:17,7.4,1300,43
140,CA4501,,16:45:00,19:30:00,2017-11-24 14:22:30,7.4,1300,43
208,CA4501,,16:45:00,19:30:00,2017-11-25 14:17:54,7.4,1300,42
263,CA4501,,16:45:00,19:30:00,2017-11-25 14:17:56,7.4,1300,42
288,CA4501,,16:45:00,19:30:00,2017-11-26 14:23:55,7.4,1300,41
332,CA4501,,16:45:00,19:30:00,2017-11-26 14:23:56,7.4,1300,41
364,CA4501,,16:45:00,19:30:00,2017-11-27 14:05:44,7.4,1300,40
422,CA4501,,16:45:00,19:30:00,2017-11-27 14:05:46,7.4,1300,40
457,CA4501,,16:45:00,19:30:00,2017-11-28 14:11:00,7.4,1300,39
581,CA4501,,16:45:00,19:30:00,2017-11-29 14:16:56,7.0,1240,38
592,CA4501,,16:45:00,19:30:00,2017-11-29 14:17:01,7.0,1240,38
658,CA4501,,16:45:00,19:30:00,2017-11-30 14:27:23,7.0,1240,37
757,CA4501,,16:45:00,19:30:00,2017-12-01 14:07:21,7.0,1240,36
787,CA4501,,16:45:00,19:30:00,2017-12-01 14:07:22,7.0,1240,36
827,CA4501,,16:45:00,19:30:00,2017-12-02 14:00:57,7.0,1240,35
870,CA4501,,16:45:00,19:30:00,2017-12-02 14:00:58,7.0,1240,35
927,CA4501,,16:45:00,19:30:00,2017-12-03 13:58:12,7.0,1240,34
1012,CA4501,,16:45:00,19:30:00,2017-12-04 13:57:56,7.0,1240,33
1064,CA4501,,16:45:00,19:30:00,2017-12-04 13:57:57,7.0,1240,33
1102,CA4501,,16:45:00,19:30:00,2017-12-05 14:22:49,7.0,1240,32
1152,CA4501,,16:45:00,19:30:00,2017-12-05 14:22:50,7.0,1240,32
1210,CA4501,,16:45:00,19:30:00,2017-12-06 14:01:02,7.0,1240,31
1233,CA4501,,16:45:00,19:30:00,2017-12-06 14:01:03,7.0,1240,31
1287,CA4501,,16:45:00,19:30:00,2017-12-07 14:19:51,7.0,1240,30
1321,CA4501,,16:45:00,19:30:00,2017-12-07 14:19:52,7.0,1240,30
1381,CA4501,,16:45:00,19:30:00,2017-12-08 14:24:05,7.0,1240,29
1472,CA4501,,16:45:00,19:30:00,2017-12-09 14:04:55,7.0,1240,28
1513,CA4501,,16:45:00,19:30:00,2017-12-09 14:04:59,7.0,1240,28
1551,CA4501,,16:45:00,19:30:00,2017-12-10 14:03:23,7.0,1240,27
1586,CA4501,,16:45:00,19:30:00,2017-12-10 14:03:24,7.0,1240,27
1636,CA4501,,16:45:00,19:30:00,2017-12-11 14:27:59,7.0,1240,26
1691,CA4501,,16:45:00,19:30:00,2017-12-11 14:28:01,7.0,1240,26
1726,CA4501,,16:45:00,19:30:00,2017-12-12 13:59:02,5.2,910,25
1768,CA4501,,16:45:00,19:30:00,2017-12-12 13:59:03,5.2,910,25
1823,CA4501,,16:45:00,19:30:00,2017-12-13 14:07:51,6.9,1210,24
1867,CA4501,,16:45:00,19:30:00,2017-12-13 14:07:52,6.9,1210,24
1906,CA4501,,16:45:00,19:30:00,2017-12-14 14:16:52,6.9,1210,23
2017,CA4501,,16:45:00,19:30:00,2017-12-15 14:11:46,6.9,1210,22
2039,CA4501,,16:45:00,19:30:00,2017-12-15 14:11:56,6.9,1210,22
2080,CA4501,,16:45:00,19:30:00,2017-12-16 14:02:27,6.7,1180,21
2179,CA4501,,16:45:00,19:30:00,2017-12-17 14:13:03,6.7,1180,20
2218,CA4501,,16:45:00,19:30:00,2017-12-17 14:13:04,6.7,1180,20
2277,CA4501,,16:45:00,19:30:00,2017-12-18 14:12:04,6.7,1180,19
2354,CA4501,,16:45:00,19:30:00,2017-12-19 14:21:17,6.7,1180,18
2446,CA4501,,16:45:00,19:30:00,2017-12-20 14:09:48,6.7,1180,17
2504,CA4501,,16:45:00,19:30:00,2017-12-21 14:08:59,6.7,1180,16
2550,CA4501,,16:45:00,19:30:00,2017-12-21 14:09:02,6.7,1180,16
2592,CA4501,,16:45:00,19:30:00,2017-12-22 14:00:19,6.7,1180,15
2628,CA4501,,16:45:00,19:30:00,2017-12-22 14:00:20,6.7,1180,15
2674,CA4501,,16:45:00,19:30:00,2017-12-23 14:28:42,6.7,1180,14
2729,CA4501,,16:45:00,19:30:00,2017-12-23 14:28:45,6.7,1180,14
2770,CA4501,,16:45:00,19:30:00,2017-12-24 13:59:03,7.0,1240,13
2823,CA4501,,16:45:00,19:30:00,2017-12-24 13:59:08,7.0,1240,13
2870,CA4501,,16:45:00,19:30:00,2017-12-25 14:15:17,7.0,1240,12
2961,CA4501,,16:45:00,19:30:00,2017-12-26 14:17:08,7.5,1320,11
3052,CA4501,,16:45:00,19:30:00,2017-12-27 14:09:22,6.9,1210,10
3088,CA4501,,16:45:00,19:30:00,2017-12-27 14:09:27,6.9,1210,10
3133,CA4501,,16:45:00,19:30:00,2017-12-28 14:20:11,6.9,1210,9
3191,CA4501,,16:45:00,19:30:00,2017-12-28 14:20:12,6.9,1210,9
3226,CA4501,,16:45:00,19:30:00,2017-12-29 14:06:15,6.9,1210,8
3278,CA4501,,16:45:00,19:30:00,2017-12-29 14:06:16,6.9,1210,8
3318,CA4501,,16:45:00,19:30:00,2017-12-30 14:15:16,6.7,1180,7
3389,CA4501,,16:45:00,19:30:00,2017-12-30 14:15:17,6.7,1180,7
3402,CA4501,,16:45:00,19:30:00,2017-12-31 13:56:17,6.5,1150,6
3502,CA4501,,16:45:00,19:30:00,2018-01-01 13:57:10,6.5,1150,5
3612,CA4501,,16:45:00,19:30:00,2018-01-02 14:14:30,6.5,1150,4
3654,CA4501,,16:45:00,19:30:00,2018-01-02 14:14:31,6.5,1150,4
3699,CA4501,,16:45:00,19:30:00,2018-01-03 13:35:41,6.5,1150,3
3741,CA4501,,16:45:00,19:30:00,2018-01-04 13:57:51,6.5,1150,2
3788,CA4501,,16:45:00,19:30:00,2018-01-05 14:21:38,6.5,1150,1
3832,CA4501,,16:45:00,19:30:00,2018-01-06 14:19:02,6.5,1150,0
3853,CA4501,,16:45:00,19:30:00,2018-01-07 14:04:27,7.5,1320,0
37,CA4515,,07:50:00,10:30:00,2017-11-23 14:08:55,2.8,490,44
48,CA4515,,07:50:00,10:30:00,2017-11-23 14:08:58,2.8,490,44
97,CA4515,,07:50:00,10:30:00,2017-11-24 14:22:17,2.8,490,43
177,CA4515,,07:50:00,10:30:00,2017-11-24 14:22:30,2.8,490,43
183,CA4515,,07:50:00,10:30:00,2017-11-25 14:17:54,2.8,490,42
238,CA4515,,07:50:00,10:30:00,2017-11-25 14:17:56,2.8,490,42
312,CA4515,,07:50:00,10:30:00,2017-11-26 14:23:55,2.8,490,41
357,CA4515,,07:50:00,10:30:00,2017-11-26 14:23:56,2.8,490,41
384,CA4515,,07:50:00,10:30:00,2017-11-27 14:05:44,2.8,490,40
407,CA4515,,07:50:00,10:30:00,2017-11-27 14:05:46,2.8,490,40
482,CA4515,,07:50:00,10:30:00,2017-11-28 14:11:00,2.8,490,39
561,CA4515,,07:50:00,10:30:00,2017-11-29 14:16:56,2.8,490,38
611,CA4515,,07:50:00,10:30:00,2017-11-29 14:17:01,2.8,490,38
633,CA4515,,07:50:00,10:30:00,2017-11-30 14:27:23,2.8,490,37
733,CA4515,,07:50:00,10:30:00,2017-12-01 14:07:21,2.8,490,36
778,CA4515,,07:50:00,10:30:00,2017-12-01 14:07:22,2.8,490,36
852,CA4515,,07:50:00,10:30:00,2017-12-02 14:00:57,2.8,490,35
895,CA4515,,07:50:00,10:30:00,2017-12-02 14:00:58,2.8,490,35
933,CA4515,,07:50:00,10:30:00,2017-12-03 13:58:12,5.1,900,34
992,CA4515,,07:50:00,10:30:00,2017-12-04 13:57:56,5.1,900,33
1037,CA4515,,07:50:00,10:30:00,2017-12-04 13:57:57,5.1,900,33
1084,CA4515,,07:50:00,10:30:00,2017-12-05 14:22:49,5.1,900,32
1126,CA4515,,07:50:00,10:30:00,2017-12-05 14:22:50,5.1,900,32
1195,CA4515,,07:50:00,10:30:00,2017-12-06 14:01:02,5.1,900,31
1257,CA4515,,07:50:00,10:30:00,2017-12-06 14:01:03,5.1,900,31
1263,CA4515,,07:50:00,10:30:00,2017-12-07 14:19:51,5.1,900,30
1305,CA4515,,07:50:00,10:30:00,2017-12-07 14:19:52,5.1,900,30
1356,CA4515,,07:50:00,10:30:00,2017-12-08 14:24:05,5.1,900,29
1453,CA4515,,07:50:00,10:30:00,2017-12-09 14:04:55,5.1,900,28
1488,CA4515,,07:50:00,10:30:00,2017-12-09 14:04:59,5.1,900,28
1572,CA4515,,07:50:00,10:30:00,2017-12-10 14:03:23,5.1,900,27
1599,CA4515,,07:50:00,10:30:00,2017-12-10 14:03:24,5.1,900,27
1622,CA4515,,07:50:00,10:30:00,2017-12-11 14:27:59,5.1,900,26
1709,CA4515,,07:50:00,10:30:00,2017-12-11 14:28:01,5.1,900,26
1750,CA4515,,07:50:00,10:30:00,2017-12-12 13:59:02,3.8,670,25
1793,CA4515,,07:50:00,10:30:00,2017-12-12 13:59:03,3.8,670,25
1803,CA4515,,07:50:00,10:30:00,2017-12-13 14:07:51,5.0,880,24
1851,CA4515,,07:50:00,10:30:00,2017-12-13 14:07:52,5.0,880,24
1918,CA4515,,07:50:00,10:30:00,2017-12-14 14:16:52,5.0,880,23
1988,CA4515,,07:50:00,10:30:00,2017-12-15 14:11:46,5.0,880,22
2063,CA4515,,07:50:00,10:30:00,2017-12-15 14:11:56,5.0,880,22
2105,CA4515,,07:50:00,10:30:00,2017-12-16 14:02:27,4.9,860,21
2158,CA4515,,07:50:00,10:30:00,2017-12-17 14:13:03,4.9,860,20
2243,CA4515,,07:50:00,10:30:00,2017-12-17 14:13:04,4.9,860,20
2252,CA4515,,07:50:00,10:30:00,2017-12-18 14:12:04,4.9,860,19
2379,CA4515,,07:50:00,10:30:00,2017-12-19 14:21:17,4.9,860,18
2426,CA4515,,07:50:00,10:30:00,2017-12-20 14:09:48,4.9,860,17
2478,CA4515,,07:50:00,10:30:00,2017-12-21 14:08:59,4.9,860,16
2524,CA4515,,07:50:00,10:30:00,2017-12-21 14:09:02,4.9,860,16
2567,CA4515,,07:50:00,10:30:00,2017-12-22 14:00:19,4.9,860,15
2654,CA4515,,07:50:00,10:30:00,2017-12-22 14:00:20,4.9,860,15
2699,CA4515,,07:50:00,10:30:00,2017-12-23 14:28:42,4.9,860,14
2706,CA4515,,07:50:00,10:30:00,2017-12-23 14:28:45,4.9,860,14
2750,CA4515,,07:50:00,10:30:00,2017-12-24 13:59:03,5.1,900,13
2796,CA4515,,07:50:00,10:30:00,2017-12-24 13:59:08,5.1,900,13
2844,CA4515,,07:50:00,10:30:00,2017-12-25 14:15:17,5.1,900,12
2935,CA4515,,07:50:00,10:30:00,2017-12-26 14:17:08,5.1,900,11
3026,CA4515,,07:50:00,10:30:00,2017-12-27 14:09:22,2.8,490,10
3113,CA4515,,07:50:00,10:30:00,2017-12-27 14:09:27,2.8,490,10
3159,CA4515,,07:50:00,10:30:00,2017-12-28 14:20:11,2.8,490,9
3165,CA4515,,07:50:00,10:30:00,2017-12-28 14:20:12,2.8,490,9
3251,CA4515,,07:50:00,10:30:00,2017-12-29 14:06:15,4.9,870,8
3272,CA4515,,07:50:00,10:30:00,2017-12-29 14:06:16,4.9,870,8
3343,CA4515,,07:50:00,10:30:00,2017-12-30 14:15:16,2.8,490,7
3369,CA4515,,07:50:00,10:30:00,2017-12-30 14:15:17,2.8,490,7
3421,CA4515,,07:50:00,10:30:00,2017-12-31 13:56:17,4.7,830,6
3527,CA4515,,07:50:00,10:30:00,2018-01-01 13:57:10,4.7,830,5
3586,CA4515,,07:50:00,10:30:00,2018-01-02 14:14:30,4.7,830,4
3628,CA4515,,07:50:00,10:30:00,2018-01-02 14:14:31,4.7,830,4
3674,CA4515,,07:50:00,10:30:00,2018-01-03 13:35:41,4.7,830,3
3715,CA4515,,07:50:00,10:30:00,2018-01-04 13:57:51,6.5,1150,2
3762,CA4515,,07:50:00,10:30:00,2018-01-05 14:21:38,6.5,1150,1
3808,CA4515,,07:50:00,10:30:00,2018-01-06 14:19:02,6.5,1150,0
44,CZ9413,MU5404,10:00:00,12:45:00,2017-11-23 14:08:55,6.4,1130,44
55,CZ9413,MU5404,10:00:00,12:45:00,2017-11-23 14:08:58,6.4,1130,44
90,CZ9413,MU5404,10:00:00,12:45:00,2017-11-24 14:22:17,6.4,1130,43
170,CZ9413,MU5404,10:00:00,12:45:00,2017-11-24 14:22:30,6.4,1130,43
190,CZ9413,MU5404,10:00:00,12:45:00,2017-11-25 14:17:54,6.9,1210,42
245,CZ9413,MU5404,10:00:00,12:45:00,2017-11-25 14:17:56,6.9,1210,42
305,CZ9413,MU5404,10:00:00,12:45:00,2017-11-26 14:23:55,6.9,1210,41
339,CZ9413,MU5404,10:00:00,12:45:00,2017-11-26 14:23:56,6.9,1210,41
391,CZ9413,MU5404,10:00:00,12:45:00,2017-11-27 14:05:44,6.9,1210,40
445,CZ9413,MU5404,10:00:00,12:45:00,2017-11-27 14:05:46,6.9,1210,40
475,CZ9413,MU5404,10:00:00,12:45:00,2017-11-28 14:11:00,6.9,1210,39
554,CZ9413,MU5404,10:00:00,12:45:00,2017-11-29 14:16:56,6.9,1210,38
619,CZ9413,MU5404,10:00:00,12:45:00,2017-11-29 14:17:01,6.9,1210,38
640,CZ9413,MU5404,10:00:00,12:45:00,2017-11-30 14:27:23,6.9,1210,37
739,CZ9413,MU5404,10:00:00,12:45:00,2017-12-01 14:07:21,6.9,1210,36
805,CZ9413,MU5404,10:00:00,12:45:00,2017-12-01 14:07:22,6.9,1210,36
845,CZ9413,MU5404,10:00:00,12:45:00,2017-12-02 14:00:57,6.9,1210,35
888,CZ9413,MU5404,10:00:00,12:45:00,2017-12-02 14:00:58,6.9,1210,35
909,CZ9413,MU5404,10:00:00,12:45:00,2017-12-03 13:58:12,6.9,1210,34
1030,CZ9413,MU5404,10:00:00,12:45:00,2017-12-04 13:57:56,6.9,1210,33
1046,CZ9413,MU5404,10:00:00,12:45:00,2017-12-04 13:57:57,6.9,1210,33
1119,CZ9413,MU5404,10:00:00,12:45:00,2017-12-05 14:22:49,6.9,1210,32
1169,CZ9413,MU5404,10:00:00,12:45:00,2017-12-05 14:22:50,6.9,1210,32
1200,CZ9413,MU5404,10:00:00,12:45:00,2017-12-06 14:01:02,6.9,1210,31
1251,CZ9413,MU5404,10:00:00,12:45:00,2017-12-06 14:01:03,6.9,1210,31
1270,CZ9413,MU5404,10:00:00,12:45:00,2017-12-07 14:19:51,6.9,1210,30
1341,CZ9413,MU5404,10:00:00,12:45:00,2017-12-07 14:19:52,6.9,1210,30
1363,CZ9413,MU5404,10:00:00,12:45:00,2017-12-08 14:24:05,6.9,1210,29
1445,CZ9413,MU5404,10:00:00,12:45:00,2017-12-09 14:04:55,6.9,1210,28
1495,CZ9413,MU5404,10:00:00,12:45:00,2017-12-09 14:04:59,6.9,1210,28
1565,CZ9413,MU5404,10:00:00,12:45:00,2017-12-10 14:03:23,6.9,1210,27
1613,CZ9413,MU5404,10:00:00,12:45:00,2017-12-10 14:03:24,6.9,1210,27
1660,CZ9413,MU5404,10:00:00,12:45:00,2017-12-11 14:27:59,6.9,1210,26
1673,CZ9413,MU5404,10:00:00,12:45:00,2017-12-11 14:28:01,6.9,1210,26
1743,CZ9413,MU5404,10:00:00,12:45:00,2017-12-12 13:59:02,6.9,1210,25
1786,CZ9413,MU5404,10:00:00,12:45:00,2017-12-12 13:59:03,6.9,1210,25
1805,CZ9413,MU5404,10:00:00,12:45:00,2017-12-13 14:07:51,6.9,1210,24
1844,CZ9413,MU5404,10:00:00,12:45:00,2017-12-13 14:07:52,6.9,1210,24
1924,CZ9413,MU5404,10:00:00,12:45:00,2017-12-14 14:16:52,6.9,1210,23
1981,CZ9413,MU5404,10:00:00,12:45:00,2017-12-15 14:11:46,6.9,1210,22
2056,CZ9413,MU5404,10:00:00,12:45:00,2017-12-15 14:11:56,6.9,1210,22
2098,CZ9413,MU5404,10:00:00,12:45:00,2017-12-16 14:02:27,6.9,1210,21
2197,CZ9413,MU5404,10:00:00,12:45:00,2017-12-17 14:13:03,6.9,1210,20
2236,CZ9413,MU5404,10:00:00,12:45:00,2017-12-17 14:13:04,6.9,1210,20
2259,CZ9413,MU5404,10:00:00,12:45:00,2017-12-18 14:12:04,6.9,1210,19
2372,CZ9413,MU5404,10:00:00,12:45:00,2017-12-19 14:21:17,6.9,1210,18
2465,CZ9413,MU5404,10:00:00,12:45:00,2017-12-20 14:09:48,6.9,1210,17
2485,CZ9413,MU5404,10:00:00,12:45:00,2017-12-21 14:08:59,6.9,1210,16
2531,CZ9413,MU5404,10:00:00,12:45:00,2017-12-21 14:09:02,6.9,1210,16
2574,CZ9413,MU5404,10:00:00,12:45:00,2017-12-22 14:00:19,6.9,1210,15
2647,CZ9413,MU5404,10:00:00,12:45:00,2017-12-22 14:00:20,6.9,1210,15
2692,CZ9413,MU5404,10:00:00,12:45:00,2017-12-23 14:28:42,6.9,1210,14
2704,CZ9413,MU5404,10:00:00,12:45:00,2017-12-23 14:28:45,6.9,1210,14
2789,CZ9413,MU5404,10:00:00,12:45:00,2017-12-24 13:59:03,6.9,1210,13
2804,CZ9413,MU5404,10:00:00,12:45:00,2017-12-24 13:59:08,6.9,1210,13
2851,CZ9413,MU5404,10:00:00,12:45:00,2017-12-25 14:15:17,6.9,1210,12
2932,CZ9413,MU5404,10:00:00,12:45:00,2017-12-26 14:17:08,6.9,1210,11
3033,CZ9413,MU5404,10:00:00,12:45:00,2017-12-27 14:09:22,6.9,1210,10
3107,CZ9413,MU5404,10:00:00,12:45:00,2017-12-27 14:09:27,6.9,1210,10
3152,CZ9413,MU5404,10:00:00,12:45:00,2017-12-28 14:20:11,6.9,1210,9
3172,CZ9413,MU5404,10:00:00,12:45:00,2017-12-28 14:20:12,6.9,1210,9
3244,CZ9413,MU5404,10:00:00,12:45:00,2017-12-29 14:06:15,6.9,1210,8
3297,CZ9413,MU5404,10:00:00,12:45:00,2017-12-29 14:06:16,6.9,1210,8
3336,CZ9413,MU5404,10:00:00,12:45:00,2017-12-30 14:15:16,6.9,1210,7
3362,CZ9413,MU5404,10:00:00,12:45:00,2017-12-30 14:15:17,6.9,1210,7
3461,CZ9413,MU5404,10:00:00,12:45:00,2017-12-31 13:56:17,6.9,1210,6
3520,CZ9413,MU5404,10:00:00,12:45:00,2018-01-01 13:57:10,6.9,1210,5
3593,CZ9413,MU5404,10:00:00,12:45:00,2018-01-02 14:14:30,6.9,1210,4
3635,CZ9413,MU5404,10:00:00,12:45:00,2018-01-02 14:14:31,6.9,1210,4
3681,CZ9413,MU5404,10:00:00,12:45:00,2018-01-03 13:35:41,6.9,1210,3
3722,CZ9413,MU5404,10:00:00,12:45:00,2018-01-04 13:57:51,7.9,1390,2
3769,CZ9413,MU5404,10:00:00,12:45:00,2018-01-05 14:21:38,7.9,1390,1
3815,CZ9413,MU5404,10:00:00,12:45:00,2018-01-06 14:19:02,7.9,1390,0
32,CZ9487,MU5406,09:25:00,12:15:00,2017-11-23 14:08:55,6.4,1130,44
89,CZ9487,MU5406,09:25:00,12:15:00,2017-11-23 14:08:58,6.4,1130,44
123,CZ9487,MU5406,09:25:00,12:15:00,2017-11-24 14:22:17,6.4,1130,43
145,CZ9487,MU5406,09:25:00,12:15:00,2017-11-24 14:22:30,6.4,1130,43
224,CZ9487,MU5406,09:25:00,12:15:00,2017-11-25 14:17:54,6.4,1130,42
230,CZ9487,MU5406,09:25:00,12:15:00,2017-11-25 14:17:56,6.4,1130,42
271,CZ9487,MU5406,09:25:00,12:15:00,2017-11-26 14:23:55,6.4,1130,41
315,CZ9487,MU5406,09:25:00,12:15:00,2017-11-26 14:23:56,6.4,1130,41
360,CZ9487,MU5406,09:25:00,12:15:00,2017-11-27 14:05:44,6.4,1130,40
431,CZ9487,MU5406,09:25:00,12:15:00,2017-11-27 14:05:46,6.4,1130,40
494,CZ9487,MU5406,09:25:00,12:15:00,2017-11-28 14:11:00,6.4,1130,39
575,CZ9487,MU5406,09:25:00,12:15:00,2017-11-29 14:16:56,6.4,1130,38
618,CZ9487,MU5406,09:25:00,12:15:00,2017-11-29 14:17:01,6.4,1130,38
675,CZ9487,MU5406,09:25:00,12:15:00,2017-11-30 14:27:23,6.4,1130,37
729,CZ9487,MU5406,09:25:00,12:15:00,2017-12-01 14:07:21,6.4,1130,36
766,CZ9487,MU5406,09:25:00,12:15:00,2017-12-01 14:07:22,6.4,1130,36
811,CZ9487,MU5406,09:25:00,12:15:00,2017-12-02 14:00:57,6.4,1130,35
860,CZ9487,MU5406,09:25:00,12:15:00,2017-12-02 14:00:58,6.4,1130,35
904,CZ9487,MU5406,09:25:00,12:15:00,2017-12-03 13:58:12,6.4,1130,34
995,CZ9487,MU5406,09:25:00,12:15:00,2017-12-04 13:57:56,6.4,1130,33
1041,CZ9487,MU5406,09:25:00,12:15:00,2017-12-04 13:57:57,6.4,1130,33
1104,CZ9487,MU5406,09:25:00,12:15:00,2017-12-05 14:22:49,6.4,1130,32
1135,CZ9487,MU5406,09:25:00,12:15:00,2017-12-05 14:22:50,6.4,1130,32
1182,CZ9487,MU5406,09:25:00,12:15:00,2017-12-06 14:01:02,6.4,1130,31
1216,CZ9487,MU5406,09:25:00,12:15:00,2017-12-06 14:01:03,6.4,1130,31
1304,CZ9487,MU5406,09:25:00,12:15:00,2017-12-07 14:19:51,6.4,1130,30
1338,CZ9487,MU5406,09:25:00,12:15:00,2017-12-07 14:19:52,6.4,1130,30
1353,CZ9487,MU5406,09:25:00,12:15:00,2017-12-08 14:24:05,6.4,1130,29
1470,CZ9487,MU5406,09:25:00,12:15:00,2017-12-09 14:04:55,6.4,1130,28
1515,CZ9487,MU5406,09:25:00,12:15:00,2017-12-09 14:04:59,6.4,1130,28
1534,CZ9487,MU5406,09:25:00,12:15:00,2017-12-10 14:03:23,6.4,1130,27
1596,CZ9487,MU5406,09:25:00,12:15:00,2017-12-10 14:03:24,6.4,1130,27
1653,CZ9487,MU5406,09:25:00,12:15:00,2017-12-11 14:27:59,6.4,1130,26
1703,CZ9487,MU5406,09:25:00,12:15:00,2017-12-11 14:28:01,6.4,1130,26
1710,CZ9487,MU5406,09:25:00,12:15:00,2017-12-12 13:59:02,6.4,1130,25
1783,CZ9487,MU5406,09:25:00,12:15:00,2017-12-12 13:59:03,6.4,1130,25
1840,CZ9487,MU5406,09:25:00,12:15:00,2017-12-13 14:07:51,6.4,1130,24
1884,CZ9487,MU5406,09:25:00,12:15:00,2017-12-13 14:07:52,6.4,1130,24
1889,CZ9487,MU5406,09:25:00,12:15:00,2017-12-14 14:16:52,6.4,1130,23
1999,CZ9487,MU5406,09:25:00,12:15:00,2017-12-15 14:11:46,6.4,1130,22
2022,CZ9487,MU5406,09:25:00,12:15:00,2017-12-15 14:11:56,6.4,1130,22
2109,CZ9487,MU5406,09:25:00,12:15:00,2017-12-16 14:02:27,6.4,1130,21
2162,CZ9487,MU5406,09:25:00,12:15:00,2017-12-17 14:13:03,6.4,1130,20
2202,CZ9487,MU5406,09:25:00,12:15:00,2017-12-17 14:13:04,6.4,1130,20
2247,CZ9487,MU5406,09:25:00,12:15:00,2017-12-18 14:12:04,6.4,1130,19
2337,CZ9487,MU5406,09:25:00,12:15:00,2017-12-19 14:21:17,6.4,1130,18
2430,CZ9487,MU5406,09:25:00,12:15:00,2017-12-20 14:09:48,6.4,1130,17
2475,CZ9487,MU5406,09:25:00,12:15:00,2017-12-21 14:08:59,6.4,1130,16
2521,CZ9487,MU5406,09:25:00,12:15:00,2017-12-21 14:09:02,6.4,1130,16
2609,CZ9487,MU5406,09:25:00,12:15:00,2017-12-22 14:00:19,6.4,1130,15
2614,CZ9487,MU5406,09:25:00,12:15:00,2017-12-22 14:00:20,6.4,1130,15
2657,CZ9487,MU5406,09:25:00,12:15:00,2017-12-23 14:28:42,6.4,1130,14
2712,CZ9487,MU5406,09:25:00,12:15:00,2017-12-23 14:28:45,6.4,1130,14
2753,CZ9487,MU5406,09:25:00,12:15:00,2017-12-24 13:59:03,6.4,1130,13
2794,CZ9487,MU5406,09:25:00,12:15:00,2017-12-24 13:59:08,6.4,1130,13
2841,CZ9487,MU5406,09:25:00,12:15:00,2017-12-25 14:15:17,6.4,1130,12
2978,CZ9487,MU5406,09:25:00,12:15:00,2017-12-26 14:17:08,6.4,1130,11
3067,CZ9487,MU5406,09:25:00,12:15:00,2017-12-27 14:09:22,6.4,1130,10
3071,CZ9487,MU5406,09:25:00,12:15:00,2017-12-27 14:09:27,6.4,1130,10
3120,CZ9487,MU5406,09:25:00,12:15:00,2017-12-28 14:20:11,6.4,1130,9
3207,CZ9487,MU5406,09:25:00,12:15:00,2017-12-28 14:20:12,6.4,1130,9
3209,CZ9487,MU5406,09:25:00,12:15:00,2017-12-29 14:06:15,6.4,1130,8
3259,CZ9487,MU5406,09:25:00,12:15:00,2017-12-29 14:06:16,6.4,1130,8
3301,CZ9487,MU5406,09:25:00,12:15:00,2017-12-30 14:15:16,6.4,1130,7
3372,CZ9487,MU5406,09:25:00,12:15:00,2017-12-30 14:15:17,6.4,1130,7
3424,CZ9487,MU5406,09:25:00,12:15:00,2017-12-31 13:56:17,6.4,1130,6
3485,CZ9487,MU5406,09:25:00,12:15:00,2018-01-01 13:57:10,6.4,1130,5
3583,CZ9487,MU5406,09:25:00,12:15:00,2018-01-02 14:14:30,6.4,1130,4
3625,CZ9487,MU5406,09:25:00,12:15:00,2018-01-02 14:14:31,6.4,1130,4
3671,CZ9487,MU5406,09:25:00,12:15:00,2018-01-03 13:35:41,6.9,1210,3
3759,CZ9487,MU5406,09:25:00,12:15:00,2018-01-04 13:57:51,7.9,1390,2
3805,CZ9487,MU5406,09:25:00,12:15:00,2018-01-05 14:21:38,7.9,1390,1
3849,CZ9487,MU5406,09:25:00,12:15:00,2018-01-06 14:19:02,7.9,1390,0
17,CZ9489,MU5408,12:45:00,15:25:00,2017-11-23 14:08:55,6.9,1210,44
62,CZ9489,MU5408,12:45:00,15:25:00,2017-11-23 14:08:58,6.9,1210,44
116,CZ9489,MU5408,12:45:00,15:25:00,2017-11-24 14:22:17,6.9,1210,43
163,CZ9489,MU5408,12:45:00,15:25:00,2017-11-24 14:22:30,6.9,1210,43
197,CZ9489,MU5408,12:45:00,15:25:00,2017-11-25 14:17:54,6.9,1210,42
252,CZ9489,MU5408,12:45:00,15:25:00,2017-11-25 14:17:56,6.9,1210,42
298,CZ9489,MU5408,12:45:00,15:25:00,2017-11-26 14:23:55,6.9,1210,41
353,CZ9489,MU5408,12:45:00,15:25:00,2017-11-26 14:23:56,6.9,1210,41
398,CZ9489,MU5408,12:45:00,15:25:00,2017-11-27 14:05:44,6.9,1210,40
438,CZ9489,MU5408,12:45:00,15:25:00,2017-11-27 14:05:46,6.9,1210,40
468,CZ9489,MU5408,12:45:00,15:25:00,2017-11-28 14:11:00,6.9,1210,39
547,CZ9489,MU5408,12:45:00,15:25:00,2017-11-29 14:16:56,6.9,1210,38
626,CZ9489,MU5408,12:45:00,15:25:00,2017-11-29 14:17:01,6.9,1210,38
647,CZ9489,MU5408,12:45:00,15:25:00,2017-11-30 14:27:23,6.9,1210,37
746,CZ9489,MU5408,12:45:00,15:25:00,2017-12-01 14:07:21,6.9,1210,36
798,CZ9489,MU5408,12:45:00,15:25:00,2017-12-01 14:07:22,6.9,1210,36
838,CZ9489,MU5408,12:45:00,15:25:00,2017-12-02 14:00:57,6.9,1210,35
881,CZ9489,MU5408,12:45:00,15:25:00,2017-12-02 14:00:58,6.9,1210,35
916,CZ9489,MU5408,12:45:00,15:25:00,2017-12-03 13:58:12,6.9,1210,34
1023,CZ9489,MU5408,12:45:00,15:25:00,2017-12-04 13:57:56,6.9,1210,33
1053,CZ9489,MU5408,12:45:00,15:25:00,2017-12-04 13:57:57,6.9,1210,33
1114,CZ9489,MU5408,12:45:00,15:25:00,2017-12-05 14:22:49,6.9,1210,32
1163,CZ9489,MU5408,12:45:00,15:25:00,2017-12-05 14:22:50,6.9,1210,32
1186,CZ9489,MU5408,12:45:00,15:25:00,2017-12-06 14:01:02,6.9,1210,31
1244,CZ9489,MU5408,12:45:00,15:25:00,2017-12-06 14:01:03,6.9,1210,31
1277,CZ9489,MU5408,12:45:00,15:25:00,2017-12-07 14:19:51,6.9,1210,30
1310,CZ9489,MU5408,12:45:00,15:25:00,2017-12-07 14:19:52,6.9,1210,30
1370,CZ9489,MU5408,12:45:00,15:25:00,2017-12-08 14:24:05,6.9,1210,29
1483,CZ9489,MU5408,12:45:00,15:25:00,2017-12-09 14:04:55,6.9,1210,28
1502,CZ9489,MU5408,12:45:00,15:25:00,2017-12-09 14:04:59,6.9,1210,28
1561,CZ9489,MU5408,12:45:00,15:25:00,2017-12-10 14:03:23,6.9,1210,27
1575,CZ9489,MU5408,12:45:00,15:25:00,2017-12-10 14:03:24,6.9,1210,27
1625,CZ9489,MU5408,12:45:00,15:25:00,2017-12-11 14:27:59,6.9,1210,26
1680,CZ9489,MU5408,12:45:00,15:25:00,2017-12-11 14:28:01,6.9,1210,26
1736,CZ9489,MU5408,12:45:00,15:25:00,2017-12-12 13:59:02,6.9,1210,25
1778,CZ9489,MU5408,12:45:00,15:25:00,2017-12-12 13:59:03,6.9,1210,25
1812,CZ9489,MU5408,12:45:00,15:25:00,2017-12-13 14:07:51,6.9,1210,24
1856,CZ9489,MU5408,12:45:00,15:25:00,2017-12-13 14:07:52,6.9,1210,24
1917,CZ9489,MU5408,12:45:00,15:25:00,2017-12-14 14:16:52,7.9,1390,23
1998,CZ9489,MU5408,12:45:00,15:25:00,2017-12-15 14:11:46,7.9,1390,22
2049,CZ9489,MU5408,12:45:00,15:25:00,2017-12-15 14:11:56,7.9,1390,22
2091,CZ9489,MU5408,12:45:00,15:25:00,2017-12-16 14:02:27,7.9,1390,21
2190,CZ9489,MU5408,12:45:00,15:25:00,2017-12-17 14:13:03,7.9,1390,20
2229,CZ9489,MU5408,12:45:00,15:25:00,2017-12-17 14:13:04,7.9,1390,20
2266,CZ9489,MU5408,12:45:00,15:25:00,2017-12-18 14:12:04,7.9,1390,19
2365,CZ9489,MU5408,12:45:00,15:25:00,2017-12-19 14:21:17,7.9,1390,18
2458,CZ9489,MU5408,12:45:00,15:25:00,2017-12-20 14:09:48,7.9,1390,17
2492,CZ9489,MU5408,12:45:00,15:25:00,2017-12-21 14:08:59,7.9,1390,16
2538,CZ9489,MU5408,12:45:00,15:25:00,2017-12-21 14:09:02,7.9,1390,16
2581,CZ9489,MU5408,12:45:00,15:25:00,2017-12-22 14:00:19,7.9,1390,15
2640,CZ9489,MU5408,12:45:00,15:25:00,2017-12-22 14:00:20,7.9,1390,15
2686,CZ9489,MU5408,12:45:00,15:25:00,2017-12-23 14:28:42,7.9,1390,14
2741,CZ9489,MU5408,12:45:00,15:25:00,2017-12-23 14:28:45,7.9,1390,14
2782,CZ9489,MU5408,12:45:00,15:25:00,2017-12-24 13:59:03,7.9,1390,13
2811,CZ9489,MU5408,12:45:00,15:25:00,2017-12-24 13:59:08,7.9,1390,13
2858,CZ9489,MU5408,12:45:00,15:25:00,2017-12-25 14:15:17,7.9,1390,12
2949,CZ9489,MU5408,12:45:00,15:25:00,2017-12-26 14:17:08,7.9,1390,11
3040,CZ9489,MU5408,12:45:00,15:25:00,2017-12-27 14:09:22,7.9,1390,10
3100,CZ9489,MU5408,12:45:00,15:25:00,2017-12-27 14:09:27,7.9,1390,10
3145,CZ9489,MU5408,12:45:00,15:25:00,2017-12-28 14:20:11,7.9,1390,9
3179,CZ9489,MU5408,12:45:00,15:25:00,2017-12-28 14:20:12,7.9,1390,9
3237,CZ9489,MU5408,12:45:00,15:25:00,2017-12-29 14:06:15,7.9,1390,8
3290,CZ9489,MU5408,12:45:00,15:25:00,2017-12-29 14:06:16,7.9,1390,8
3329,CZ9489,MU5408,12:45:00,15:25:00,2017-12-30 14:15:16,7.9,1390,7
3355,CZ9489,MU5408,12:45:00,15:25:00,2017-12-30 14:15:17,7.9,1390,7
3415,CZ9489,MU5408,12:45:00,15:25:00,2017-12-31 13:56:17,7.9,1390,6
3513,CZ9489,MU5408,12:45:00,15:25:00,2018-01-01 13:57:10,7.9,1390,5
3600,CZ9489,MU5408,12:45:00,15:25:00,2018-01-02 14:14:30,7.9,1390,4
3642,CZ9489,MU5408,12:45:00,15:25:00,2018-01-02 14:14:31,7.9,1390,4
3688,CZ9489,MU5408,12:45:00,15:25:00,2018-01-03 13:35:41,6.9,1210,3
3729,CZ9489,MU5408,12:45:00,15:25:00,2018-01-04 13:57:51,7.9,1390,2
3776,CZ9489,MU5408,12:45:00,15:25:00,2018-01-05 14:21:38,7.9,1390,1
3820,CZ9489,MU5408,12:45:00,15:25:00,2018-01-06 14:19:02,7.9,1390,0
3,CZ9490,MU5410,14:15:00,17:05:00,2017-11-23 14:08:55,6.9,1210,44
76,CZ9490,MU5410,14:15:00,17:05:00,2017-11-23 14:08:58,6.9,1210,44
103,CZ9490,MU5410,14:15:00,17:05:00,2017-11-24 14:22:17,6.9,1210,43
143,CZ9490,MU5410,14:15:00,17:05:00,2017-11-24 14:22:30,6.9,1210,43
211,CZ9490,MU5410,14:15:00,17:05:00,2017-11-25 14:17:54,6.9,1210,42
266,CZ9490,MU5410,14:15:00,17:05:00,2017-11-25 14:17:56,6.9,1210,42
285,CZ9490,MU5410,14:15:00,17:05:00,2017-11-26 14:23:55,6.9,1210,41
329,CZ9490,MU5410,14:15:00,17:05:00,2017-11-26 14:23:56,6.9,1210,41
367,CZ9490,MU5410,14:15:00,17:05:00,2017-11-27 14:05:44,6.9,1210,40
419,CZ9490,MU5410,14:15:00,17:05:00,2017-11-27 14:05:46,6.9,1210,40
454,CZ9490,MU5410,14:15:00,17:05:00,2017-11-28 14:11:00,6.9,1210,39
578,CZ9490,MU5410,14:15:00,17:05:00,2017-11-29 14:16:56,6.9,1210,38
595,CZ9490,MU5410,14:15:00,17:05:00,2017-11-29 14:17:01,6.9,1210,38
661,CZ9490,MU5410,14:15:00,17:05:00,2017-11-30 14:27:23,6.9,1210,37
760,CZ9490,MU5410,14:15:00,17:05:00,2017-12-01 14:07:21,6.9,1210,36
784,CZ9490,MU5410,14:15:00,17:05:00,2017-12-01 14:07:22,6.9,1210,36
824,CZ9490,MU5410,14:15:00,17:05:00,2017-12-02 14:00:57,6.9,1210,35
859,CZ9490,MU5410,14:15:00,17:05:00,2017-12-02 14:00:58,6.9,1210,35
930,CZ9490,MU5410,14:15:00,17:05:00,2017-12-03 13:58:12,6.9,1210,34
1009,CZ9490,MU5410,14:15:00,17:05:00,2017-12-04 13:57:56,6.9,1210,33
1067,CZ9490,MU5410,14:15:00,17:05:00,2017-12-04 13:57:57,6.9,1210,33
1087,CZ9490,MU5410,14:15:00,17:05:00,2017-12-05 14:22:49,6.9,1210,32
1149,CZ9490,MU5410,14:15:00,17:05:00,2017-12-05 14:22:50,6.9,1210,32
1213,CZ9490,MU5410,14:15:00,17:05:00,2017-12-06 14:01:02,6.9,1210,31
1230,CZ9490,MU5410,14:15:00,17:05:00,2017-12-06 14:01:03,6.9,1210,31
1290,CZ9490,MU5410,14:15:00,17:05:00,2017-12-07 14:19:51,6.9,1210,30
1324,CZ9490,MU5410,14:15:00,17:05:00,2017-12-07 14:19:52,6.9,1210,30
1384,CZ9490,MU5410,14:15:00,17:05:00,2017-12-08 14:24:05,6.9,1210,29
1456,CZ9490,MU5410,14:15:00,17:05:00,2017-12-09 14:04:55,6.9,1210,28
1528,CZ9490,MU5410,14:15:00,17:05:00,2017-12-09 14:04:59,6.9,1210,28
1548,CZ9490,MU5410,14:15:00,17:05:00,2017-12-10 14:03:23,6.9,1210,27
1601,CZ9490,MU5410,14:15:00,17:05:00,2017-12-10 14:03:24,6.9,1210,27
1639,CZ9490,MU5410,14:15:00,17:05:00,2017-12-11 14:27:59,6.9,1210,26
1694,CZ9490,MU5410,14:15:00,17:05:00,2017-12-11 14:28:01,6.9,1210,26
1723,CZ9490,MU5410,14:15:00,17:05:00,2017-12-12 13:59:02,6.9,1210,25
1765,CZ9490,MU5410,14:15:00,17:05:00,2017-12-12 13:59:03,6.9,1210,25
1826,CZ9490,MU5410,14:15:00,17:05:00,2017-12-13 14:07:51,6.9,1210,24
1870,CZ9490,MU5410,14:15:00,17:05:00,2017-12-13 14:07:52,6.9,1210,24
1903,CZ9490,MU5410,14:15:00,17:05:00,2017-12-14 14:16:52,7.9,1390,23
2013,CZ9490,MU5410,14:15:00,17:05:00,2017-12-15 14:11:46,7.9,1390,22
2036,CZ9490,MU5410,14:15:00,17:05:00,2017-12-15 14:11:56,7.9,1390,22
2077,CZ9490,MU5410,14:15:00,17:05:00,2017-12-16 14:02:27,7.9,1390,21
2176,CZ9490,MU5410,14:15:00,17:05:00,2017-12-17 14:13:03,7.9,1390,20
2216,CZ9490,MU5410,14:15:00,17:05:00,2017-12-17 14:13:04,7.9,1390,20
2280,CZ9490,MU5410,14:15:00,17:05:00,2017-12-18 14:12:04,7.9,1390,19
2351,CZ9490,MU5410,14:15:00,17:05:00,2017-12-19 14:21:17,7.9,1390,18
2443,CZ9490,MU5410,14:15:00,17:05:00,2017-12-20 14:09:48,9.4,1650,17
2507,CZ9490,MU5410,14:15:00,17:05:00,2017-12-21 14:08:59,9.4,1650,16
2553,CZ9490,MU5410,14:15:00,17:05:00,2017-12-21 14:09:02,9.4,1650,16
2595,CZ9490,MU5410,14:15:00,17:05:00,2017-12-22 14:00:19,9.4,1650,15
2625,CZ9490,MU5410,14:15:00,17:05:00,2017-12-22 14:00:20,9.4,1650,15
2671,CZ9490,MU5410,14:15:00,17:05:00,2017-12-23 14:28:42,9.4,1650,14
2726,CZ9490,MU5410,14:15:00,17:05:00,2017-12-23 14:28:45,9.4,1650,14
2767,CZ9490,MU5410,14:15:00,17:05:00,2017-12-24 13:59:03,7.9,1390,13
2826,CZ9490,MU5410,14:15:00,17:05:00,2017-12-24 13:59:08,7.9,1390,13
2873,CZ9490,MU5410,14:15:00,17:05:00,2017-12-25 14:15:17,7.9,1390,12
2964,CZ9490,MU5410,14:15:00,17:05:00,2017-12-26 14:17:08,7.9,1390,11
3055,CZ9490,MU5410,14:15:00,17:05:00,2017-12-27 14:09:22,7.9,1390,10
3085,CZ9490,MU5410,14:15:00,17:05:00,2017-12-27 14:09:27,7.9,1390,10
3130,CZ9490,MU5410,14:15:00,17:05:00,2017-12-28 14:20:11,7.9,1390,9
3194,CZ9490,MU5410,14:15:00,17:05:00,2017-12-28 14:20:12,7.9,1390,9
3223,CZ9490,MU5410,14:15:00,17:05:00,2017-12-29 14:06:15,7.9,1390,8
3274,CZ9490,MU5410,14:15:00,17:05:00,2017-12-29 14:06:16,7.9,1390,8
3315,CZ9490,MU5410,14:15:00,17:05:00,2017-12-30 14:15:16,7.9,1390,7
3386,CZ9490,MU5410,14:15:00,17:05:00,2017-12-30 14:15:17,7.9,1390,7
3399,CZ9490,MU5410,14:15:00,17:05:00,2017-12-31 13:56:17,7.9,1390,6
3499,CZ9490,MU5410,14:15:00,17:05:00,2018-01-01 13:57:10,7.9,1390,5
3615,CZ9490,MU5410,14:15:00,17:05:00,2018-01-02 14:14:30,7.9,1390,4
3657,CZ9490,MU5410,14:15:00,17:05:00,2018-01-02 14:14:31,7.9,1390,4
3702,CZ9490,MU5410,14:15:00,17:05:00,2018-01-03 13:35:41,7.9,1390,3
3744,CZ9490,MU5410,14:15:00,17:05:00,2018-01-04 13:57:51,7.9,1390,2
3791,CZ9490,MU5410,14:15:00,17:05:00,2018-01-05 14:21:38,7.9,1390,1
3835,CZ9490,MU5410,14:15:00,17:05:00,2018-01-06 14:19:02,7.9,1390,0
23,CZ9491,MU5412,15:15:00,17:50:00,2017-11-23 14:08:55,7.9,1390,44
56,CZ9491,MU5412,15:15:00,17:50:00,2017-11-23 14:08:58,7.9,1390,44
122,CZ9491,MU5412,15:15:00,17:50:00,2017-11-24 14:22:17,7.9,1390,43
169,CZ9491,MU5412,15:15:00,17:50:00,2017-11-24 14:22:30,7.9,1390,43
191,CZ9491,MU5412,15:15:00,17:50:00,2017-11-25 14:17:54,7.9,1390,42
246,CZ9491,MU5412,15:15:00,17:50:00,2017-11-25 14:17:56,7.9,1390,42
304,CZ9491,MU5412,15:15:00,17:50:00,2017-11-26 14:23:55,7.9,1390,41
340,CZ9491,MU5412,15:15:00,17:50:00,2017-11-26 14:23:56,7.9,1390,41
392,CZ9491,MU5412,15:15:00,17:50:00,2017-11-27 14:05:44,7.9,1390,40
444,CZ9491,MU5412,15:15:00,17:50:00,2017-11-27 14:05:46,7.9,1390,40
474,CZ9491,MU5412,15:15:00,17:50:00,2017-11-28 14:11:00,7.9,1390,39
553,CZ9491,MU5412,15:15:00,17:50:00,2017-11-29 14:16:56,7.9,1390,38
620,CZ9491,MU5412,15:15:00,17:50:00,2017-11-29 14:17:01,7.9,1390,38
641,CZ9491,MU5412,15:15:00,17:50:00,2017-11-30 14:27:23,7.9,1390,37
740,CZ9491,MU5412,15:15:00,17:50:00,2017-12-01 14:07:21,7.9,1390,36
804,CZ9491,MU5412,15:15:00,17:50:00,2017-12-01 14:07:22,7.9,1390,36
844,CZ9491,MU5412,15:15:00,17:50:00,2017-12-02 14:00:57,7.9,1390,35
887,CZ9491,MU5412,15:15:00,17:50:00,2017-12-02 14:00:58,7.9,1390,35
910,CZ9491,MU5412,15:15:00,17:50:00,2017-12-03 13:58:12,7.9,1390,34
1029,CZ9491,MU5412,15:15:00,17:50:00,2017-12-04 13:57:56,7.9,1390,33
1047,CZ9491,MU5412,15:15:00,17:50:00,2017-12-04 13:57:57,7.9,1390,33
1124,CZ9491,MU5412,15:15:00,17:50:00,2017-12-05 14:22:49,7.9,1390,32
1130,CZ9491,MU5412,15:15:00,17:50:00,2017-12-05 14:22:50,7.9,1390,32
1199,CZ9491,MU5412,15:15:00,17:50:00,2017-12-06 14:01:02,7.9,1390,31
1250,CZ9491,MU5412,15:15:00,17:50:00,2017-12-06 14:01:03,7.9,1390,31
1271,CZ9491,MU5412,15:15:00,17:50:00,2017-12-07 14:19:51,7.9,1390,30
1340,CZ9491,MU5412,15:15:00,17:50:00,2017-12-07 14:19:52,7.9,1390,30
1364,CZ9491,MU5412,15:15:00,17:50:00,2017-12-08 14:24:05,7.9,1390,29
1444,CZ9491,MU5412,15:15:00,17:50:00,2017-12-09 14:04:55,7.9,1390,28
1496,CZ9491,MU5412,15:15:00,17:50:00,2017-12-09 14:04:59,7.9,1390,28
1564,CZ9491,MU5412,15:15:00,17:50:00,2017-12-10 14:03:23,7.9,1390,27
1614,CZ9491,MU5412,15:15:00,17:50:00,2017-12-10 14:03:24,7.9,1390,27
1659,CZ9491,MU5412,15:15:00,17:50:00,2017-12-11 14:27:59,9.4,1650,26
1674,CZ9491,MU5412,15:15:00,17:50:00,2017-12-11 14:28:01,9.4,1650,26
1742,CZ9491,MU5412,15:15:00,17:50:00,2017-12-12 13:59:02,9.4,1650,25
1785,CZ9491,MU5412,15:15:00,17:50:00,2017-12-12 13:59:03,9.4,1650,25
1806,CZ9491,MU5412,15:15:00,17:50:00,2017-12-13 14:07:51,9.4,1650,24
1843,CZ9491,MU5412,15:15:00,17:50:00,2017-12-13 14:07:52,9.4,1650,24
1923,CZ9491,MU5412,15:15:00,17:50:00,2017-12-14 14:16:52,9.4,1650,23
1980,CZ9491,MU5412,15:15:00,17:50:00,2017-12-15 14:11:46,9.4,1650,22
2055,CZ9491,MU5412,15:15:00,17:50:00,2017-12-15 14:11:56,9.4,1650,22
2097,CZ9491,MU5412,15:15:00,17:50:00,2017-12-16 14:02:27,9.4,1650,21
2196,CZ9491,MU5412,15:15:00,17:50:00,2017-12-17 14:13:03,9.4,1650,20
2235,CZ9491,MU5412,15:15:00,17:50:00,2017-12-17 14:13:04,9.4,1650,20
2260,CZ9491,MU5412,15:15:00,17:50:00,2017-12-18 14:12:04,9.4,1650,19
2371,CZ9491,MU5412,15:15:00,17:50:00,2017-12-19 14:21:17,9.4,1650,18
2464,CZ9491,MU5412,15:15:00,17:50:00,2017-12-20 14:09:48,9.4,1650,17
2486,CZ9491,MU5412,15:15:00,17:50:00,2017-12-21 14:08:59,9.4,1650,16
2532,CZ9491,MU5412,15:15:00,17:50:00,2017-12-21 14:09:02,9.4,1650,16
2575,CZ9491,MU5412,15:15:00,17:50:00,2017-12-22 14:00:19,9.4,1650,15
2646,CZ9491,MU5412,15:15:00,17:50:00,2017-12-22 14:00:20,9.4,1650,15
2656,CZ9491,MU5412,15:15:00,17:50:00,2017-12-23 14:28:42,9.4,1650,14
2703,CZ9491,MU5412,15:15:00,17:50:00,2017-12-23 14:28:45,9.4,1650,14
2788,CZ9491,MU5412,15:15:00,17:50:00,2017-12-24 13:59:03,9.4,1650,13
2805,CZ9491,MU5412,15:15:00,17:50:00,2017-12-24 13:59:08,9.4,1650,13
2852,CZ9491,MU5412,15:15:00,17:50:00,2017-12-25 14:15:17,9.4,1650,12
2943,CZ9491,MU5412,15:15:00,17:50:00,2017-12-26 14:17:08,9.4,1650,11
3034,CZ9491,MU5412,15:15:00,17:50:00,2017-12-27 14:09:22,9.4,1650,10
3106,CZ9491,MU5412,15:15:00,17:50:00,2017-12-27 14:09:27,9.4,1650,10
3151,CZ9491,MU5412,15:15:00,17:50:00,2017-12-28 14:20:11,9.4,1650,9
3173,CZ9491,MU5412,15:15:00,17:50:00,2017-12-28 14:20:12,9.4,1650,9
3243,CZ9491,MU5412,15:15:00,17:50:00,2017-12-29 14:06:15,9.4,1650,8
3296,CZ9491,MU5412,15:15:00,17:50:00,2017-12-29 14:06:16,9.4,1650,8
3335,CZ9491,MU5412,15:15:00,17:50:00,2017-12-30 14:15:16,9.4,1650,7
3361,CZ9491,MU5412,15:15:00,17:50:00,2017-12-30 14:15:17,9.4,1650,7
3460,CZ9491,MU5412,15:15:00,17:50:00,2017-12-31 13:56:17,9.4,1650,6
3519,CZ9491,MU5412,15:15:00,17:50:00,2018-01-01 13:57:10,9.4,1650,5
3594,CZ9491,MU5412,15:15:00,17:50:00,2018-01-02 14:14:30,9.4,1650,4
3636,CZ9491,MU5412,15:15:00,17:50:00,2018-01-02 14:14:31,9.4,1650,4
3682,CZ9491,MU5412,15:15:00,17:50:00,2018-01-03 13:35:41,9.4,1650,3
3723,CZ9491,MU5412,15:15:00,17:50:00,2018-01-04 13:57:51,9.4,1650,2
3770,CZ9491,MU5412,15:15:00,17:50:00,2018-01-05 14:21:38,9.4,1650,1
3816,CZ9491,MU5412,15:15:00,17:50:00,2018-01-06 14:19:02,7.9,1390,0
3856,CZ9491,MU5412,15:15:00,17:50:00,2018-01-07 14:04:27,9.4,1650,0
27,FM9404,,19:40:00,22:35:00,2017-11-23 14:08:55,6.3,1110,44
86,FM9404,,19:40:00,22:35:00,2017-11-23 14:08:58,6.3,1110,44
127,FM9404,,19:40:00,22:35:00,2017-11-24 14:22:17,6.4,1130,43
149,FM9404,,19:40:00,22:35:00,2017-11-24 14:22:30,6.4,1130,43
221,FM9404,,19:40:00,22:35:00,2017-11-25 14:17:54,6.3,1110,42
226,FM9404,,19:40:00,22:35:00,2017-11-25 14:17:56,6.3,1110,42
275,FM9404,,19:40:00,22:35:00,2017-11-26 14:23:55,6.3,1110,41
319,FM9404,,19:40:00,22:35:00,2017-11-26 14:23:56,6.3,1110,41
377,FM9404,,19:40:00,22:35:00,2017-11-27 14:05:44,6.4,1130,40
427,FM9404,,19:40:00,22:35:00,2017-11-27 14:05:46,6.4,1130,40
491,FM9404,,19:40:00,22:35:00,2017-11-28 14:11:00,6.4,1130,39
571,FM9404,,19:40:00,22:35:00,2017-11-29 14:16:56,6.3,1110,38
605,FM9404,,19:40:00,22:35:00,2017-11-29 14:17:01,6.3,1110,38
671,FM9404,,19:40:00,22:35:00,2017-11-30 14:27:23,6.3,1110,37
725,FM9404,,19:40:00,22:35:00,2017-12-01 14:07:21,6.4,1130,36
770,FM9404,,19:40:00,22:35:00,2017-12-01 14:07:22,6.4,1130,36
815,FM9404,,19:40:00,22:35:00,2017-12-02 14:00:57,6.3,1110,35
864,FM9404,,19:40:00,22:35:00,2017-12-02 14:00:58,6.3,1110,35
944,FM9404,,19:40:00,22:35:00,2017-12-03 13:58:12,6.3,1110,34
999,FM9404,,19:40:00,22:35:00,2017-12-04 13:57:56,7.4,1300,33
1077,FM9404,,19:40:00,22:35:00,2017-12-04 13:57:57,7.4,1300,33
1097,FM9404,,19:40:00,22:35:00,2017-12-05 14:22:49,7.4,1300,32
1139,FM9404,,19:40:00,22:35:00,2017-12-05 14:22:50,7.4,1300,32
1178,FM9404,,19:40:00,22:35:00,2017-12-06 14:01:02,7.2,1270,31
1220,FM9404,,19:40:00,22:35:00,2017-12-06 14:01:03,7.2,1270,31
1300,FM9404,,19:40:00,22:35:00,2017-12-07 14:19:51,7.2,1270,30
1334,FM9404,,19:40:00,22:35:00,2017-12-07 14:19:52,7.2,1270,30
1350,FM9404,,19:40:00,22:35:00,2017-12-08 14:24:05,7.4,1300,29
1466,FM9404,,19:40:00,22:35:00,2017-12-09 14:04:55,7.4,1300,28
1519,FM9404,,19:40:00,22:35:00,2017-12-09 14:04:59,7.4,1300,28
1538,FM9404,,19:40:00,22:35:00,2017-12-10 14:03:23,7.2,1270,27
1592,FM9404,,19:40:00,22:35:00,2017-12-10 14:03:24,7.2,1270,27
1649,FM9404,,19:40:00,22:35:00,2017-12-11 14:27:59,7.2,1270,26
1705,FM9404,,19:40:00,22:35:00,2017-12-11 14:28:01,7.2,1270,26
1714,FM9404,,19:40:00,22:35:00,2017-12-12 13:59:02,7.2,1270,25
1756,FM9404,,19:40:00,22:35:00,2017-12-12 13:59:03,7.2,1270,25
1836,FM9404,,19:40:00,22:35:00,2017-12-13 14:07:51,7.4,1300,24
1880,FM9404,,19:40:00,22:35:00,2017-12-13 14:07:52,7.4,1300,24
1893,FM9404,,19:40:00,22:35:00,2017-12-14 14:16:52,8.2,1440,23
2003,FM9404,,19:40:00,22:35:00,2017-12-15 14:11:46,8.4,1480,22
2026,FM9404,,19:40:00,22:35:00,2017-12-15 14:11:56,8.4,1480,22
2113,FM9404,,19:40:00,22:35:00,2017-12-16 14:02:27,8.2,1440,21
2166,FM9404,,19:40:00,22:35:00,2017-12-17 14:13:03,8.2,1440,20
2206,FM9404,,19:40:00,22:35:00,2017-12-17 14:13:04,8.2,1440,20
2290,FM9404,,19:40:00,22:35:00,2017-12-18 14:12:04,8.2,1440,19
2341,FM9404,,19:40:00,22:35:00,2017-12-19 14:21:17,8.0,1400,18
2433,FM9404,,19:40:00,22:35:00,2017-12-20 14:09:48,8.0,1400,17
2472,FM9404,,19:40:00,22:35:00,2017-12-21 14:08:59,8.0,1400,16
2563,FM9404,,19:40:00,22:35:00,2017-12-21 14:09:02,8.0,1400,16
2605,FM9404,,19:40:00,22:35:00,2017-12-22 14:00:19,8.0,1400,15
2615,FM9404,,19:40:00,22:35:00,2017-12-22 14:00:20,8.0,1400,15
2661,FM9404,,19:40:00,22:35:00,2017-12-23 14:28:42,8.0,1400,14
2716,FM9404,,19:40:00,22:35:00,2017-12-23 14:28:45,8.0,1400,14
2757,FM9404,,19:40:00,22:35:00,2017-12-24 13:59:03,8.2,1440,13
2836,FM9404,,19:40:00,22:35:00,2017-12-24 13:59:08,8.2,1440,13
2883,FM9404,,19:40:00,22:35:00,2017-12-25 14:15:17,8.0,1400,12
2974,FM9404,,19:40:00,22:35:00,2017-12-26 14:17:08,8.2,1440,11
3066,FM9404,,19:40:00,22:35:00,2017-12-27 14:09:22,8.0,1400,10
3075,FM9404,,19:40:00,22:35:00,2017-12-27 14:09:27,8.0,1400,10
3118,FM9404,,19:40:00,22:35:00,2017-12-28 14:20:11,8.0,1400,9
3204,FM9404,,19:40:00,22:35:00,2017-12-28 14:20:12,8.0,1400,9
3213,FM9404,,19:40:00,22:35:00,2017-12-29 14:06:15,8.0,1400,8
3263,FM9404,,19:40:00,22:35:00,2017-12-29 14:06:16,8.0,1400,8
3305,FM9404,,19:40:00,22:35:00,2017-12-30 14:15:16,7.7,1350,7
3376,FM9404,,19:40:00,22:35:00,2017-12-30 14:15:17,7.7,1350,7
3428,FM9404,,19:40:00,22:35:00,2017-12-31 13:56:17,7.7,1350,6
3489,FM9404,,19:40:00,22:35:00,2018-01-01 13:57:10,6.9,1220,5
3580,FM9404,,19:40:00,22:35:00,2018-01-02 14:14:30,7.2,1270,4
3667,FM9404,,19:40:00,22:35:00,2018-01-02 14:14:31,7.2,1270,4
3712,FM9404,,19:40:00,22:35:00,2018-01-03 13:35:41,7.2,1260,3
3754,FM9404,,19:40:00,22:35:00,2018-01-04 13:57:51,8.2,1440,2
3801,FM9404,,19:40:00,22:35:00,2018-01-05 14:21:38,8.2,1440,1
3845,FM9404,,19:40:00,22:35:00,2018-01-06 14:19:02,7.2,1260,0
3861,FM9404,,19:40:00,22:35:00,2018-01-07 14:04:27,9.9,1740,0
26,FM9550,,20:50:00,23:30:00,2017-11-23 14:08:55,5.3,930,44
87,FM9550,,20:50:00,23:30:00,2017-11-23 14:08:58,5.3,930,44
126,FM9550,,20:50:00,23:30:00,2017-11-24 14:22:17,5.4,950,43
148,FM9550,,20:50:00,23:30:00,2017-11-24 14:22:30,5.4,950,43
222,FM9550,,20:50:00,23:30:00,2017-11-25 14:17:54,5.3,930,42
227,FM9550,,20:50:00,23:30:00,2017-11-25 14:17:56,5.3,930,42
274,FM9550,,20:50:00,23:30:00,2017-11-26 14:23:55,5.3,930,41
318,FM9550,,20:50:00,23:30:00,2017-11-26 14:23:56,5.3,930,41
378,FM9550,,20:50:00,23:30:00,2017-11-27 14:05:44,5.4,950,40
428,FM9550,,20:50:00,23:30:00,2017-11-27 14:05:46,5.4,950,40
492,FM9550,,20:50:00,23:30:00,2017-11-28 14:11:00,5.4,950,39
572,FM9550,,20:50:00,23:30:00,2017-11-29 14:16:56,5.3,930,38
606,FM9550,,20:50:00,23:30:00,2017-11-29 14:17:01,5.3,930,38
672,FM9550,,20:50:00,23:30:00,2017-11-30 14:27:23,5.3,930,37
726,FM9550,,20:50:00,23:30:00,2017-12-01 14:07:21,5.4,950,36
769,FM9550,,20:50:00,23:30:00,2017-12-01 14:07:22,5.4,950,36
814,FM9550,,20:50:00,23:30:00,2017-12-02 14:00:57,5.3,930,35
863,FM9550,,20:50:00,23:30:00,2017-12-02 14:00:58,5.3,930,35
901,FM9550,,20:50:00,23:30:00,2017-12-03 13:58:12,5.3,930,34
998,FM9550,,20:50:00,23:30:00,2017-12-04 13:57:56,5.4,950,33
1078,FM9550,,20:50:00,23:30:00,2017-12-04 13:57:57,5.4,950,33
1098,FM9550,,20:50:00,23:30:00,2017-12-05 14:22:49,5.4,950,32
1138,FM9550,,20:50:00,23:30:00,2017-12-05 14:22:50,5.4,950,32
1179,FM9550,,20:50:00,23:30:00,2017-12-06 14:01:02,5.3,930,31
1219,FM9550,,20:50:00,23:30:00,2017-12-06 14:01:03,5.3,930,31
1301,FM9550,,20:50:00,23:30:00,2017-12-07 14:19:51,5.3,930,30
1335,FM9550,,20:50:00,23:30:00,2017-12-07 14:19:52,5.3,930,30
1395,FM9550,,20:50:00,23:30:00,2017-12-08 14:24:05,5.4,950,29
1467,FM9550,,20:50:00,23:30:00,2017-12-09 14:04:55,5.4,950,28
1518,FM9550,,20:50:00,23:30:00,2017-12-09 14:04:59,5.4,950,28
1537,FM9550,,20:50:00,23:30:00,2017-12-10 14:03:23,5.3,930,27
1593,FM9550,,20:50:00,23:30:00,2017-12-10 14:03:24,5.3,930,27
1650,FM9550,,20:50:00,23:30:00,2017-12-11 14:27:59,3.5,610,26
1706,FM9550,,20:50:00,23:30:00,2017-12-11 14:28:01,3.5,610,26
1712,FM9550,,20:50:00,23:30:00,2017-12-12 13:59:02,2.8,490,25
1754,FM9550,,20:50:00,23:30:00,2017-12-12 13:59:03,2.8,490,25
1837,FM9550,,20:50:00,23:30:00,2017-12-13 14:07:51,3.6,640,24
1881,FM9550,,20:50:00,23:30:00,2017-12-13 14:07:52,3.6,640,24
1892,FM9550,,20:50:00,23:30:00,2017-12-14 14:16:52,5.3,930,23
2002,FM9550,,20:50:00,23:30:00,2017-12-15 14:11:46,5.4,950,22
2025,FM9550,,20:50:00,23:30:00,2017-12-15 14:11:56,5.4,950,22
2111,FM9550,,20:50:00,23:30:00,2017-12-16 14:02:27,5.3,930,21
2164,FM9550,,20:50:00,23:30:00,2017-12-17 14:13:03,5.3,930,20
2204,FM9550,,20:50:00,23:30:00,2017-12-17 14:13:04,5.3,930,20
2291,FM9550,,20:50:00,23:30:00,2017-12-18 14:12:04,5.0,880,19
2340,FM9550,,20:50:00,23:30:00,2017-12-19 14:21:17,4.9,860,18
2432,FM9550,,20:50:00,23:30:00,2017-12-20 14:09:48,4.9,860,17
2517,FM9550,,20:50:00,23:30:00,2017-12-21 14:08:59,4.9,860,16
2518,FM9550,,20:50:00,23:30:00,2017-12-21 14:09:02,4.9,860,16
2606,FM9550,,20:50:00,23:30:00,2017-12-22 14:00:19,4.9,860,15
2611,FM9550,,20:50:00,23:30:00,2017-12-22 14:00:20,4.9,860,15
2660,FM9550,,20:50:00,23:30:00,2017-12-23 14:28:42,4.9,860,14
2715,FM9550,,20:50:00,23:30:00,2017-12-23 14:28:45,4.9,860,14
2756,FM9550,,20:50:00,23:30:00,2017-12-24 13:59:03,5.0,880,13
2837,FM9550,,20:50:00,23:30:00,2017-12-24 13:59:08,5.0,880,13
2884,FM9550,,20:50:00,23:30:00,2017-12-25 14:15:17,4.9,860,12
2975,FM9550,,20:50:00,23:30:00,2017-12-26 14:17:08,6.0,1050,11
3068,FM9550,,20:50:00,23:30:00,2017-12-27 14:09:22,5.9,1030,10
3074,FM9550,,20:50:00,23:30:00,2017-12-27 14:09:27,5.9,1030,10
3117,FM9550,,20:50:00,23:30:00,2017-12-28 14:20:11,7.6,1340,9
3205,FM9550,,20:50:00,23:30:00,2017-12-28 14:20:12,7.6,1340,9
3212,FM9550,,20:50:00,23:30:00,2017-12-29 14:06:15,7.6,1340,8
3262,FM9550,,20:50:00,23:30:00,2017-12-29 14:06:16,7.6,1340,8
3304,FM9550,,20:50:00,23:30:00,2017-12-30 14:15:16,7.6,1340,7
3375,FM9550,,20:50:00,23:30:00,2017-12-30 14:15:17,7.6,1340,7
3427,FM9550,,20:50:00,23:30:00,2017-12-31 13:56:17,7.6,1340,6
3488,FM9550,,20:50:00,23:30:00,2018-01-01 13:57:10,7.8,1380,5
3579,FM9550,,20:50:00,23:30:00,2018-01-02 14:14:30,6.9,1220,4
3622,FM9550,,20:50:00,23:30:00,2018-01-02 14:14:31,6.9,1220,4
3713,FM9550,,20:50:00,23:30:00,2018-01-03 13:35:41,6.9,1210,3
3755,FM9550,,20:50:00,23:30:00,2018-01-04 13:57:51,7.8,1380,2
3802,FM9550,,20:50:00,23:30:00,2018-01-05 14:21:38,7.8,1380,1
3846,FM9550,,20:50:00,23:30:00,2018-01-06 14:19:02,7.8,1380,0
3862,FM9550,,20:50:00,23:30:00,2018-01-07 14:04:27,9.9,1740,0
18,HO1098,,14:55:00,17:55:00,2017-11-23 14:08:55,5.0,879,44
61,HO1098,,14:55:00,17:55:00,2017-11-23 14:08:58,5.0,879,44
117,HO1098,,14:55:00,17:55:00,2017-11-24 14:22:17,5.0,879,43
164,HO1098,,14:55:00,17:55:00,2017-11-24 14:22:30,5.0,879,43
196,HO1098,,14:55:00,17:55:00,2017-11-25 14:17:54,5.0,879,42
251,HO1098,,14:55:00,17:55:00,2017-11-25 14:17:56,5.0,879,42
299,HO1098,,14:55:00,17:55:00,2017-11-26 14:23:55,5.0,879,41
354,HO1098,,14:55:00,17:55:00,2017-11-26 14:23:56,5.0,879,41
397,HO1098,,14:55:00,17:55:00,2017-11-27 14:05:44,5.0,879,40
439,HO1098,,14:55:00,17:55:00,2017-11-27 14:05:46,5.0,879,40
469,HO1098,,14:55:00,17:55:00,2017-11-28 14:11:00,4.9,859,39
548,HO1098,,14:55:00,17:55:00,2017-11-29 14:16:56,4.9,859,38
625,HO1098,,14:55:00,17:55:00,2017-11-29 14:17:01,4.9,859,38
646,HO1098,,14:55:00,17:55:00,2017-11-30 14:27:23,4.9,859,37
745,HO1098,,14:55:00,17:55:00,2017-12-01 14:07:21,4.9,859,36
799,HO1098,,14:55:00,17:55:00,2017-12-01 14:07:22,4.9,859,36
839,HO1098,,14:55:00,17:55:00,2017-12-02 14:00:57,4.9,859,35
882,HO1098,,14:55:00,17:55:00,2017-12-02 14:00:58,4.9,859,35
915,HO1098,,14:55:00,17:55:00,2017-12-03 13:58:12,4.9,859,34
1024,HO1098,,14:55:00,17:55:00,2017-12-04 13:57:56,4.9,859,33
1052,HO1098,,14:55:00,17:55:00,2017-12-04 13:57:57,4.9,859,33
1115,HO1098,,14:55:00,17:55:00,2017-12-05 14:22:49,4.9,859,32
1164,HO1098,,14:55:00,17:55:00,2017-12-05 14:22:50,4.9,859,32
1185,HO1098,,14:55:00,17:55:00,2017-12-06 14:01:02,4.9,859,31
1245,HO1098,,14:55:00,17:55:00,2017-12-06 14:01:03,4.9,859,31
1276,HO1098,,14:55:00,17:55:00,2017-12-07 14:19:51,4.9,859,30
1309,HO1098,,14:55:00,17:55:00,2017-12-07 14:19:52,4.9,859,30
1369,HO1098,,14:55:00,17:55:00,2017-12-08 14:24:05,4.9,858,29
1484,HO1098,,14:55:00,17:55:00,2017-12-09 14:04:55,4.9,859,28
1501,HO1098,,14:55:00,17:55:00,2017-12-09 14:04:59,4.9,859,28
1562,HO1098,,14:55:00,17:55:00,2017-12-10 14:03:23,4.9,858,27
1619,HO1098,,14:55:00,17:55:00,2017-12-10 14:03:24,4.9,858,27
1654,HO1098,,14:55:00,17:55:00,2017-12-11 14:27:59,4.9,864,26
1679,HO1098,,14:55:00,17:55:00,2017-12-11 14:28:01,4.9,864,26
1737,HO1098,,14:55:00,17:55:00,2017-12-12 13:59:02,4.9,864,25
1779,HO1098,,14:55:00,17:55:00,2017-12-12 13:59:03,4.9,864,25
1811,HO1098,,14:55:00,17:55:00,2017-12-13 14:07:51,5.0,878,24
1855,HO1098,,14:55:00,17:55:00,2017-12-13 14:07:52,5.0,878,24
1886,HO1098,,14:55:00,17:55:00,2017-12-14 14:16:52,5.0,878,23
1957,HO1098,,14:55:00,17:55:00,2017-12-14 14:16:52,4.9,858,23
2015,HO1098,,14:55:00,17:55:00,2017-12-15 14:11:46,5.0,878,22
2050,HO1098,,14:55:00,17:55:00,2017-12-15 14:11:56,4.9,858,22
2092,HO1098,,14:55:00,17:55:00,2017-12-16 14:02:27,4.9,858,21
2191,HO1098,,14:55:00,17:55:00,2017-12-17 14:13:03,4.9,858,20
2230,HO1098,,14:55:00,17:55:00,2017-12-17 14:13:04,4.9,858,20
2265,HO1098,,14:55:00,17:55:00,2017-12-18 14:12:04,5.0,878,19
2366,HO1098,,14:55:00,17:55:00,2017-12-19 14:21:17,5.8,1026,18
2459,HO1098,,14:55:00,17:55:00,2017-12-20 14:09:48,4.9,858,17
2491,HO1098,,14:55:00,17:55:00,2017-12-21 14:08:59,4.9,858,16
2537,HO1098,,14:55:00,17:55:00,2017-12-21 14:09:02,4.9,858,16
2580,HO1098,,14:55:00,17:55:00,2017-12-22 14:00:19,4.9,858,15
2641,HO1098,,14:55:00,17:55:00,2017-12-22 14:00:20,4.9,858,15
2687,HO1098,,14:55:00,17:55:00,2017-12-23 14:28:42,4.9,858,14
2744,HO1098,,14:55:00,17:55:00,2017-12-23 14:28:45,4.9,858,14
2783,HO1098,,14:55:00,17:55:00,2017-12-24 13:59:03,4.9,858,13
2810,HO1098,,14:55:00,17:55:00,2017-12-24 13:59:08,4.9,858,13
2857,HO1098,,14:55:00,17:55:00,2017-12-25 14:15:17,4.9,858,12
2948,HO1098,,14:55:00,17:55:00,2017-12-26 14:17:08,4.9,858,11
3039,HO1098,,14:55:00,17:55:00,2017-12-27 14:09:22,4.9,858,10
3101,HO1098,,14:55:00,17:55:00,2017-12-27 14:09:27,4.9,858,10
3146,HO1098,,14:55:00,17:55:00,2017-12-28 14:20:11,4.9,858,9
3178,HO1098,,14:55:00,17:55:00,2017-12-28 14:20:12,4.9,858,9
3238,HO1098,,14:55:00,17:55:00,2017-12-29 14:06:15,4.9,858,8
3291,HO1098,,14:55:00,17:55:00,2017-12-29 14:06:16,4.9,858,8
3330,HO1098,,14:55:00,17:55:00,2017-12-30 14:15:16,4.9,858,7
3356,HO1098,,14:55:00,17:55:00,2017-12-30 14:15:17,4.9,858,7
3416,HO1098,,14:55:00,17:55:00,2017-12-31 13:56:17,4.9,859,6
3514,HO1098,,14:55:00,17:55:00,2018-01-01 13:57:10,4.9,858,5
3599,HO1098,,14:55:00,17:55:00,2018-01-02 14:14:30,4.9,858,4
3641,HO1098,,14:55:00,17:55:00,2018-01-02 14:14:31,4.9,858,4
3687,HO1098,,14:55:00,17:55:00,2018-01-03 13:35:41,4.4,769,3
3728,HO1098,,14:55:00,17:55:00,2018-01-04 13:57:51,4.4,768,2
3775,HO1098,,14:55:00,17:55:00,2018-01-05 14:21:38,4.9,859,1
3851,HO1098,,14:55:00,17:55:00,2018-01-06 14:19:02,4.9,859,0
20,HO1120,,13:10:00,15:55:00,2017-11-23 14:08:55,5.0,879,44
59,HO1120,,13:10:00,15:55:00,2017-11-23 14:08:58,5.0,879,44
119,HO1120,,13:10:00,15:55:00,2017-11-24 14:22:17,5.0,879,43
166,HO1120,,13:10:00,15:55:00,2017-11-24 14:22:30,5.0,879,43
194,HO1120,,13:10:00,15:55:00,2017-11-25 14:17:54,5.0,879,42
249,HO1120,,13:10:00,15:55:00,2017-11-25 14:17:56,5.0,879,42
301,HO1120,,13:10:00,15:55:00,2017-11-26 14:23:55,5.0,879,41
343,HO1120,,13:10:00,15:55:00,2017-11-26 14:23:56,5.0,879,41
395,HO1120,,13:10:00,15:55:00,2017-11-27 14:05:44,5.0,879,40
441,HO1120,,13:10:00,15:55:00,2017-11-27 14:05:46,5.0,879,40
471,HO1120,,13:10:00,15:55:00,2017-11-28 14:11:00,4.9,859,39
550,HO1120,,13:10:00,15:55:00,2017-11-29 14:16:56,5.8,1029,38
623,HO1120,,13:10:00,15:55:00,2017-11-29 14:17:01,5.8,1029,38
644,HO1120,,13:10:00,15:55:00,2017-11-30 14:27:23,5.8,1029,37
743,HO1120,,13:10:00,15:55:00,2017-12-01 14:07:21,5.8,1029,36
801,HO1120,,13:10:00,15:55:00,2017-12-01 14:07:22,5.8,1029,36
841,HO1120,,13:10:00,15:55:00,2017-12-02 14:00:57,5.8,1029,35
884,HO1120,,13:10:00,15:55:00,2017-12-02 14:00:58,5.8,1029,35
913,HO1120,,13:10:00,15:55:00,2017-12-03 13:58:12,5.8,1029,34
1026,HO1120,,13:10:00,15:55:00,2017-12-04 13:57:56,5.8,1029,33
1050,HO1120,,13:10:00,15:55:00,2017-12-04 13:57:57,5.8,1029,33
1117,HO1120,,13:10:00,15:55:00,2017-12-05 14:22:49,5.8,1029,32
1166,HO1120,,13:10:00,15:55:00,2017-12-05 14:22:50,5.8,1029,32
1183,HO1120,,13:10:00,15:55:00,2017-12-06 14:01:02,5.8,1029,31
1247,HO1120,,13:10:00,15:55:00,2017-12-06 14:01:03,5.8,1029,31
1274,HO1120,,13:10:00,15:55:00,2017-12-07 14:19:51,5.8,1029,30
1307,HO1120,,13:10:00,15:55:00,2017-12-07 14:19:52,5.8,1029,30
1367,HO1120,,13:10:00,15:55:00,2017-12-08 14:24:05,5.8,1026,29
1442,HO1120,,13:10:00,15:55:00,2017-12-09 14:04:55,5.8,1029,28
1499,HO1120,,13:10:00,15:55:00,2017-12-09 14:04:59,5.8,1029,28
1532,HO1120,,13:10:00,15:55:00,2017-12-10 14:03:23,5.8,1026,27
1617,HO1120,,13:10:00,15:55:00,2017-12-10 14:03:24,5.8,1026,27
1656,HO1120,,13:10:00,15:55:00,2017-12-11 14:27:59,5.9,1046,26
1677,HO1120,,13:10:00,15:55:00,2017-12-11 14:28:01,5.9,1046,26
1739,HO1120,,13:10:00,15:55:00,2017-12-12 13:59:02,5.9,1046,25
1781,HO1120,,13:10:00,15:55:00,2017-12-12 13:59:03,5.9,1046,25
1809,HO1120,,13:10:00,15:55:00,2017-12-13 14:07:51,5.9,1046,24
1885,HO1120,,13:10:00,15:55:00,2017-12-13 14:07:52,5.9,1046,24
1920,HO1120,,13:10:00,15:55:00,2017-12-14 14:16:52,5.9,1046,23
1959,HO1120,,13:10:00,15:55:00,2017-12-14 14:16:52,5.8,1026,23
1977,HO1120,,13:10:00,15:55:00,2017-12-15 14:11:46,5.9,1046,22
2052,HO1120,,13:10:00,15:55:00,2017-12-15 14:11:56,5.8,1026,22
2094,HO1120,,13:10:00,15:55:00,2017-12-16 14:02:27,5.8,1026,21
2193,HO1120,,13:10:00,15:55:00,2017-12-17 14:13:03,5.8,1026,20
2232,HO1120,,13:10:00,15:55:00,2017-12-17 14:13:04,5.8,1026,20
2263,HO1120,,13:10:00,15:55:00,2017-12-18 14:12:04,5.9,1046,19
2368,HO1120,,13:10:00,15:55:00,2017-12-19 14:21:17,5.8,1026,18
2461,HO1120,,13:10:00,15:55:00,2017-12-20 14:09:48,4.4,768,17
2489,HO1120,,13:10:00,15:55:00,2017-12-21 14:08:59,4.4,768,16
2535,HO1120,,13:10:00,15:55:00,2017-12-21 14:09:02,4.4,768,16
2578,HO1120,,13:10:00,15:55:00,2017-12-22 14:00:19,4.4,768,15
2643,HO1120,,13:10:00,15:55:00,2017-12-22 14:00:20,4.4,768,15
2689,HO1120,,13:10:00,15:55:00,2017-12-23 14:28:42,4.4,768,14
2746,HO1120,,13:10:00,15:55:00,2017-12-23 14:28:45,4.4,768,14
2785,HO1120,,13:10:00,15:55:00,2017-12-24 13:59:03,4.4,768,13
2808,HO1120,,13:10:00,15:55:00,2017-12-24 13:59:08,4.4,768,13
2855,HO1120,,13:10:00,15:55:00,2017-12-25 14:15:17,4.4,768,12
2946,HO1120,,13:10:00,15:55:00,2017-12-26 14:17:08,4.9,858,11
3037,HO1120,,13:10:00,15:55:00,2017-12-27 14:09:22,4.4,768,10
3103,HO1120,,13:10:00,15:55:00,2017-12-27 14:09:27,4.4,768,10
3148,HO1120,,13:10:00,15:55:00,2017-12-28 14:20:11,4.4,768,9
3176,HO1120,,13:10:00,15:55:00,2017-12-28 14:20:12,4.4,768,9
3240,HO1120,,13:10:00,15:55:00,2017-12-29 14:06:15,4.4,768,8
3293,HO1120,,13:10:00,15:55:00,2017-12-29 14:06:16,4.4,768,8
3332,HO1120,,13:10:00,15:55:00,2017-12-30 14:15:16,4.9,858,7
3358,HO1120,,13:10:00,15:55:00,2017-12-30 14:15:17,4.9,858,7
3457,HO1120,,13:10:00,15:55:00,2017-12-31 13:56:17,4.9,859,6
3516,HO1120,,13:10:00,15:55:00,2018-01-01 13:57:10,4.9,858,5
3597,HO1120,,13:10:00,15:55:00,2018-01-02 14:14:30,4.4,768,4
3639,HO1120,,13:10:00,15:55:00,2018-01-02 14:14:31,4.4,768,4
3685,HO1120,,13:10:00,15:55:00,2018-01-03 13:35:41,3.9,679,3
3726,HO1120,,13:10:00,15:55:00,2018-01-04 13:57:51,4.4,768,2
3773,HO1120,,13:10:00,15:55:00,2018-01-05 14:21:38,4.9,859,1
3826,HO1120,,13:10:00,15:55:00,2018-01-06 14:19:02,4.9,859,0
1,HO1270,,12:50:00,18:05:00,2017-11-23 14:08:55,5.0,879,44
78,HO1270,,12:50:00,18:05:00,2017-11-23 14:08:58,5.0,879,44
101,HO1270,,12:50:00,18:05:00,2017-11-24 14:22:17,5.0,879,43
155,HO1270,,12:50:00,18:05:00,2017-11-24 14:22:30,5.0,879,43
213,HO1270,,12:50:00,18:05:00,2017-11-25 14:17:54,5.0,879,42
268,HO1270,,12:50:00,18:05:00,2017-11-25 14:17:56,5.0,879,42
283,HO1270,,12:50:00,18:05:00,2017-11-26 14:23:55,5.0,879,41
327,HO1270,,12:50:00,18:05:00,2017-11-26 14:23:56,5.0,879,41
369,HO1270,,12:50:00,18:05:00,2017-11-27 14:05:44,5.0,879,40
417,HO1270,,12:50:00,18:05:00,2017-11-27 14:05:46,5.0,879,40
452,HO1270,,12:50:00,18:05:00,2017-11-28 14:11:00,4.9,859,39
576,HO1270,,12:50:00,18:05:00,2017-11-29 14:16:56,3.4,600,38
597,HO1270,,12:50:00,18:05:00,2017-11-29 14:17:01,3.4,600,38
663,HO1270,,12:50:00,18:05:00,2017-11-30 14:27:23,3.4,600,37
762,HO1270,,12:50:00,18:05:00,2017-12-01 14:07:21,3.4,600,36
782,HO1270,,12:50:00,18:05:00,2017-12-01 14:07:22,3.4,600,36
822,HO1270,,12:50:00,18:05:00,2017-12-02 14:00:57,3.4,600,35
857,HO1270,,12:50:00,18:05:00,2017-12-02 14:00:58,3.4,600,35
936,HO1270,,12:50:00,18:05:00,2017-12-03 13:58:12,3.4,600,34
1007,HO1270,,12:50:00,18:05:00,2017-12-04 13:57:56,3.4,600,33
1069,HO1270,,12:50:00,18:05:00,2017-12-04 13:57:57,3.4,600,33
1089,HO1270,,12:50:00,18:05:00,2017-12-05 14:22:49,3.4,600,32
1147,HO1270,,12:50:00,18:05:00,2017-12-05 14:22:50,3.4,600,32
1170,HO1270,,12:50:00,18:05:00,2017-12-06 14:01:02,3.5,610,31
1228,HO1270,,12:50:00,18:05:00,2017-12-06 14:01:03,3.5,610,31
1292,HO1270,,12:50:00,18:05:00,2017-12-07 14:19:51,3.5,612,30
1326,HO1270,,12:50:00,18:05:00,2017-12-07 14:19:52,3.5,612,30
1386,HO1270,,12:50:00,18:05:00,2017-12-08 14:24:05,3.5,612,29
1458,HO1270,,12:50:00,18:05:00,2017-12-09 14:04:55,3.6,641,28
1526,HO1270,,12:50:00,18:05:00,2017-12-09 14:04:59,3.6,641,28
1546,HO1270,,12:50:00,18:05:00,2017-12-10 14:03:23,3.4,607,27
1603,HO1270,,12:50:00,18:05:00,2017-12-10 14:03:24,3.4,607,27
1641,HO1270,,12:50:00,18:05:00,2017-12-11 14:27:59,3.5,618,26
1696,HO1270,,12:50:00,18:05:00,2017-12-11 14:28:01,3.5,618,26
1721,HO1270,,12:50:00,18:05:00,2017-12-12 13:59:02,3.5,618,25
1763,HO1270,,12:50:00,18:05:00,2017-12-12 13:59:03,3.5,618,25
1828,HO1270,,12:50:00,18:05:00,2017-12-13 14:07:51,3.5,618,24
1872,HO1270,,12:50:00,18:05:00,2017-12-13 14:07:52,3.5,618,24
1901,HO1270,,12:50:00,18:05:00,2017-12-14 14:16:52,3.5,618,23
1940,HO1270,,12:50:00,18:05:00,2017-12-14 14:16:52,3.4,598,23
2011,HO1270,,12:50:00,18:05:00,2017-12-15 14:11:46,3.5,618,22
2034,HO1270,,12:50:00,18:05:00,2017-12-15 14:11:56,3.4,598,22
2075,HO1270,,12:50:00,18:05:00,2017-12-16 14:02:27,3.4,598,21
2174,HO1270,,12:50:00,18:05:00,2017-12-17 14:13:03,3.4,598,20
2214,HO1270,,12:50:00,18:05:00,2017-12-17 14:13:04,3.4,598,20
2282,HO1270,,12:50:00,18:05:00,2017-12-18 14:12:04,3.5,618,19
2349,HO1270,,12:50:00,18:05:00,2017-12-19 14:21:17,3.4,598,18
2441,HO1270,,12:50:00,18:05:00,2017-12-20 14:09:48,3.9,678,17
2509,HO1270,,12:50:00,18:05:00,2017-12-21 14:08:59,3.9,678,16
2555,HO1270,,12:50:00,18:05:00,2017-12-21 14:09:02,3.9,678,16
2597,HO1270,,12:50:00,18:05:00,2017-12-22 14:00:19,3.9,678,15
2623,HO1270,,12:50:00,18:05:00,2017-12-22 14:00:20,3.9,678,15
2669,HO1270,,12:50:00,18:05:00,2017-12-23 14:28:42,3.4,598,14
2724,HO1270,,12:50:00,18:05:00,2017-12-23 14:28:45,3.4,598,14
2765,HO1270,,12:50:00,18:05:00,2017-12-24 13:59:03,3.4,598,13
2828,HO1270,,12:50:00,18:05:00,2017-12-24 13:59:08,3.4,598,13
2886,HO1270,,12:50:00,18:05:00,2017-12-25 14:15:17,3.4,598,12
2966,HO1270,,12:50:00,18:05:00,2017-12-26 14:17:08,3.4,598,11
3057,HO1270,,12:50:00,18:05:00,2017-12-27 14:09:22,3.9,678,10
3083,HO1270,,12:50:00,18:05:00,2017-12-27 14:09:27,3.9,678,10
3128,HO1270,,12:50:00,18:05:00,2017-12-28 14:20:11,3.9,678,9
3196,HO1270,,12:50:00,18:05:00,2017-12-28 14:20:12,3.9,678,9
3221,HO1270,,12:50:00,18:05:00,2017-12-29 14:06:15,3.9,678,8
3271,HO1270,,12:50:00,18:05:00,2017-12-29 14:06:16,3.9,678,8
3313,HO1270,,12:50:00,18:05:00,2017-12-30 14:15:16,3.9,678,7
3384,HO1270,,12:50:00,18:05:00,2017-12-30 14:15:17,3.9,678,7
3397,HO1270,,12:50:00,18:05:00,2017-12-31 13:56:17,3.9,679,6
3497,HO1270,,12:50:00,18:05:00,2018-01-01 13:57:10,3.9,692,5
3617,HO1270,,12:50:00,18:05:00,2018-01-02 14:14:30,3.9,688,4
3659,HO1270,,12:50:00,18:05:00,2018-01-02 14:14:31,3.9,688,4
3704,HO1270,,12:50:00,18:05:00,2018-01-03 13:35:41,3.9,679,3
3746,HO1270,,12:50:00,18:05:00,2018-01-04 13:57:51,3.9,682,2
3793,HO1270,,12:50:00,18:05:00,2018-01-05 14:21:38,4.0,697,1
3837,HO1270,,12:50:00,18:05:00,2018-01-06 14:19:02,3.4,606,0
30,HO3756,MU5404,10:00:00,12:45:00,2017-11-23 14:08:55,6.4,1130,44
83,HO3756,MU5404,10:00:00,12:45:00,2017-11-23 14:08:58,6.4,1130,44
130,HO3756,MU5404,10:00:00,12:45:00,2017-11-24 14:22:17,6.4,1130,43
152,HO3756,MU5404,10:00:00,12:45:00,2017-11-24 14:22:30,6.4,1130,43
218,HO3756,MU5404,10:00:00,12:45:00,2017-11-25 14:17:54,6.4,1130,42
234,HO3756,MU5404,10:00:00,12:45:00,2017-11-25 14:17:56,6.4,1130,42
278,HO3756,MU5404,10:00:00,12:45:00,2017-11-26 14:23:55,6.4,1130,41
322,HO3756,MU5404,10:00:00,12:45:00,2017-11-26 14:23:56,6.4,1130,41
374,HO3756,MU5404,10:00:00,12:45:00,2017-11-27 14:05:44,6.4,1130,40
412,HO3756,MU5404,10:00:00,12:45:00,2017-11-27 14:05:46,6.4,1130,40
488,HO3756,MU5404,10:00:00,12:45:00,2017-11-28 14:11:00,6.4,1130,39
564,HO3756,MU5404,10:00:00,12:45:00,2017-11-29 14:16:56,6.4,1130,38
602,HO3756,MU5404,10:00:00,12:45:00,2017-11-29 14:17:01,6.4,1130,38
668,HO3756,MU5404,10:00:00,12:45:00,2017-11-30 14:27:23,6.4,1130,37
722,HO3756,MU5404,10:00:00,12:45:00,2017-12-01 14:07:21,6.4,1130,36
773,HO3756,MU5404,10:00:00,12:45:00,2017-12-01 14:07:22,6.4,1130,36
810,HO3756,MU5404,10:00:00,12:45:00,2017-12-02 14:00:57,6.4,1130,35
867,HO3756,MU5404,10:00:00,12:45:00,2017-12-02 14:00:58,6.4,1130,35
941,HO3756,MU5404,10:00:00,12:45:00,2017-12-03 13:58:12,6.4,1130,34
1002,HO3756,MU5404,10:00:00,12:45:00,2017-12-04 13:57:56,6.4,1130,33
1035,HO3756,MU5404,10:00:00,12:45:00,2017-12-04 13:57:57,6.4,1130,33
1094,HO3756,MU5404,10:00:00,12:45:00,2017-12-05 14:22:49,6.4,1130,32
1142,HO3756,MU5404,10:00:00,12:45:00,2017-12-05 14:22:50,6.4,1130,32
1175,HO3756,MU5404,10:00:00,12:45:00,2017-12-06 14:01:02,6.4,1130,31
1223,HO3756,MU5404,10:00:00,12:45:00,2017-12-06 14:01:03,6.4,1130,31
1297,HO3756,MU5404,10:00:00,12:45:00,2017-12-07 14:19:51,6.4,1130,30
1331,HO3756,MU5404,10:00:00,12:45:00,2017-12-07 14:19:52,6.4,1130,30
1391,HO3756,MU5404,10:00:00,12:45:00,2017-12-08 14:24:05,6.4,1130,29
1463,HO3756,MU5404,10:00:00,12:45:00,2017-12-09 14:04:55,6.4,1130,28
1522,HO3756,MU5404,10:00:00,12:45:00,2017-12-09 14:04:59,6.4,1130,28
1541,HO3756,MU5404,10:00:00,12:45:00,2017-12-10 14:03:23,6.4,1130,27
1589,HO3756,MU5404,10:00:00,12:45:00,2017-12-10 14:03:24,6.4,1130,27
1646,HO3756,MU5404,10:00:00,12:45:00,2017-12-11 14:27:59,6.4,1130,26
1701,HO3756,MU5404,10:00:00,12:45:00,2017-12-11 14:28:01,6.4,1130,26
1717,HO3756,MU5404,10:00:00,12:45:00,2017-12-12 13:59:02,6.4,1130,25
1759,HO3756,MU5404,10:00:00,12:45:00,2017-12-12 13:59:03,6.4,1130,25
1833,HO3756,MU5404,10:00:00,12:45:00,2017-12-13 14:07:51,6.4,1130,24
1877,HO3756,MU5404,10:00:00,12:45:00,2017-12-13 14:07:52,6.4,1130,24
1896,HO3756,MU5404,10:00:00,12:45:00,2017-12-14 14:16:52,6.4,1130,23
2006,HO3756,MU5404,10:00:00,12:45:00,2017-12-15 14:11:46,6.4,1130,22
2029,HO3756,MU5404,10:00:00,12:45:00,2017-12-15 14:11:56,6.4,1130,22
2068,HO3756,MU5404,10:00:00,12:45:00,2017-12-16 14:02:27,6.4,1130,21
2169,HO3756,MU5404,10:00:00,12:45:00,2017-12-17 14:13:03,6.4,1130,20
2209,HO3756,MU5404,10:00:00,12:45:00,2017-12-17 14:13:04,6.4,1130,20
2287,HO3756,MU5404,10:00:00,12:45:00,2017-12-18 14:12:04,6.4,1130,19
2344,HO3756,MU5404,10:00:00,12:45:00,2017-12-19 14:21:17,6.4,1130,18
2436,HO3756,MU5404,10:00:00,12:45:00,2017-12-20 14:09:48,6.4,1130,17
2514,HO3756,MU5404,10:00:00,12:45:00,2017-12-21 14:08:59,6.4,1130,16
2560,HO3756,MU5404,10:00:00,12:45:00,2017-12-21 14:09:02,6.4,1130,16
2602,HO3756,MU5404,10:00:00,12:45:00,2017-12-22 14:00:19,6.4,1130,15
2618,HO3756,MU5404,10:00:00,12:45:00,2017-12-22 14:00:20,6.4,1130,15
2664,HO3756,MU5404,10:00:00,12:45:00,2017-12-23 14:28:42,6.4,1130,14
2719,HO3756,MU5404,10:00:00,12:45:00,2017-12-23 14:28:45,6.4,1130,14
2760,HO3756,MU5404,10:00:00,12:45:00,2017-12-24 13:59:03,6.4,1130,13
2833,HO3756,MU5404,10:00:00,12:45:00,2017-12-24 13:59:08,6.4,1130,13
2880,HO3756,MU5404,10:00:00,12:45:00,2017-12-25 14:15:17,6.4,1130,12
2971,HO3756,MU5404,10:00:00,12:45:00,2017-12-26 14:17:08,6.4,1130,11
3062,HO3756,MU5404,10:00:00,12:45:00,2017-12-27 14:09:22,6.4,1130,10
3078,HO3756,MU5404,10:00:00,12:45:00,2017-12-27 14:09:27,6.4,1130,10
3123,HO3756,MU5404,10:00:00,12:45:00,2017-12-28 14:20:11,6.4,1130,9
3201,HO3756,MU5404,10:00:00,12:45:00,2017-12-28 14:20:12,6.4,1130,9
3216,HO3756,MU5404,10:00:00,12:45:00,2017-12-29 14:06:15,6.4,1130,8
3266,HO3756,MU5404,10:00:00,12:45:00,2017-12-29 14:06:16,6.4,1130,8
3308,HO3756,MU5404,10:00:00,12:45:00,2017-12-30 14:15:16,6.4,1130,7
3379,HO3756,MU5404,10:00:00,12:45:00,2017-12-30 14:15:17,6.4,1130,7
3392,HO3756,MU5404,10:00:00,12:45:00,2017-12-31 13:56:17,6.4,1130,6
3492,HO3756,MU5404,10:00:00,12:45:00,2018-01-01 13:57:10,6.4,1130,5
3576,HO3756,MU5404,10:00:00,12:45:00,2018-01-02 14:14:30,6.4,1130,4
3664,HO3756,MU5404,10:00:00,12:45:00,2018-01-02 14:14:31,6.4,1130,4
3709,HO3756,MU5404,10:00:00,12:45:00,2018-01-03 13:35:41,6.4,1130,3
3751,HO3756,MU5404,10:00:00,12:45:00,2018-01-04 13:57:51,7.1,1250,2
3798,HO3756,MU5404,10:00:00,12:45:00,2018-01-05 14:21:38,7.1,1250,1
3842,HO3756,MU5404,10:00:00,12:45:00,2018-01-06 14:19:02,7.1,1250,0
2455,HO3910,CA4501,16:45:00,19:30:00,2017-12-20 14:09:48,7.4,1300,17
2495,HO3910,CA4501,16:45:00,19:30:00,2017-12-21 14:08:59,7.1,1250,16
2541,HO3910,CA4501,16:45:00,19:30:00,2017-12-21 14:09:02,7.1,1250,16
2584,HO3910,CA4501,16:45:00,19:30:00,2017-12-22 14:00:19,7.1,1250,15
2637,HO3910,CA4501,16:45:00,19:30:00,2017-12-22 14:00:20,7.1,1250,15
2683,HO3910,CA4501,16:45:00,19:30:00,2017-12-23 14:28:42,6.7,1180,14
2738,HO3910,CA4501,16:45:00,19:30:00,2017-12-23 14:28:45,6.7,1180,14
2779,HO3910,CA4501,16:45:00,19:30:00,2017-12-24 13:59:03,7.1,1250,13
2814,HO3910,CA4501,16:45:00,19:30:00,2017-12-24 13:59:08,7.1,1250,13
2861,HO3910,CA4501,16:45:00,19:30:00,2017-12-25 14:15:17,7.1,1250,12
2952,HO3910,CA4501,16:45:00,19:30:00,2017-12-26 14:17:08,7.6,1330,11
3043,HO3910,CA4501,16:45:00,19:30:00,2017-12-27 14:09:22,6.9,1210,10
3097,HO3910,CA4501,16:45:00,19:30:00,2017-12-27 14:09:27,6.9,1210,10
3142,HO3910,CA4501,16:45:00,19:30:00,2017-12-28 14:20:11,6.9,1210,9
3182,HO3910,CA4501,16:45:00,19:30:00,2017-12-28 14:20:12,6.9,1210,9
3234,HO3910,CA4501,16:45:00,19:30:00,2017-12-29 14:06:15,6.9,1210,8
3287,HO3910,CA4501,16:45:00,19:30:00,2017-12-29 14:06:16,6.9,1210,8
3326,HO3910,CA4501,16:45:00,19:30:00,2017-12-30 14:15:16,6.9,1210,7
3352,HO3910,CA4501,16:45:00,19:30:00,2017-12-30 14:15:17,6.9,1210,7
3412,HO3910,CA4501,16:45:00,19:30:00,2017-12-31 13:56:17,6.5,1150,6
3510,HO3910,CA4501,16:45:00,19:30:00,2018-01-01 13:57:10,6.5,1150,5
3603,HO3910,CA4501,16:45:00,19:30:00,2018-01-02 14:14:30,6.5,1150,4
3645,HO3910,CA4501,16:45:00,19:30:00,2018-01-02 14:14:31,6.5,1150,4
3691,HO3910,CA4501,16:45:00,19:30:00,2018-01-03 13:35:41,6.5,1150,3
3732,HO3910,CA4501,16:45:00,19:30:00,2018-01-04 13:57:51,6.5,1150,2
3779,HO3910,CA4501,16:45:00,19:30:00,2018-01-05 14:21:38,6.5,1150,1
3821,HO3910,CA4501,16:45:00,19:30:00,2018-01-06 14:19:02,6.5,1150,0
3860,HO3910,CA4501,16:45:00,19:30:00,2018-01-07 14:04:27,7.5,1320,0
39,MU2220,,08:05:00,10:50:00,2017-11-23 14:08:55,3.3,580,44
50,MU2220,,08:05:00,10:50:00,2017-11-23 14:08:58,3.3,580,44
95,MU2220,,08:05:00,10:50:00,2017-11-24 14:22:17,3.3,580,43
175,MU2220,,08:05:00,10:50:00,2017-11-24 14:22:30,3.3,580,43
185,MU2220,,08:05:00,10:50:00,2017-11-25 14:17:54,3.3,580,42
240,MU2220,,08:05:00,10:50:00,2017-11-25 14:17:56,3.3,580,42
310,MU2220,,08:05:00,10:50:00,2017-11-26 14:23:55,3.3,580,41
359,MU2220,,08:05:00,10:50:00,2017-11-26 14:23:56,3.3,580,41
386,MU2220,,08:05:00,10:50:00,2017-11-27 14:05:44,3.3,580,40
405,MU2220,,08:05:00,10:50:00,2017-11-27 14:05:46,3.3,580,40
480,MU2220,,08:05:00,10:50:00,2017-11-28 14:11:00,3.4,590,39
559,MU2220,,08:05:00,10:50:00,2017-11-29 14:16:56,3.3,580,38
613,MU2220,,08:05:00,10:50:00,2017-11-29 14:17:01,3.3,580,38
635,MU2220,,08:05:00,10:50:00,2017-11-30 14:27:23,3.4,590,37
731,MU2220,,08:05:00,10:50:00,2017-12-01 14:07:21,3.4,590,36
809,MU2220,,08:05:00,10:50:00,2017-12-01 14:07:22,3.4,590,36
850,MU2220,,08:05:00,10:50:00,2017-12-02 14:00:57,3.4,590,35
893,MU2220,,08:05:00,10:50:00,2017-12-02 14:00:58,3.4,590,35
900,MU2220,,08:05:00,10:50:00,2017-12-03 13:58:12,3.4,590,34
990,MU2220,,08:05:00,10:50:00,2017-12-04 13:57:56,3.4,590,33
1074,MU2220,,08:05:00,10:50:00,2017-12-04 13:57:57,3.4,590,33
1081,MU2220,,08:05:00,10:50:00,2017-12-05 14:22:49,3.6,640,32
1128,MU2220,,08:05:00,10:50:00,2017-12-05 14:22:50,3.6,640,32
1193,MU2220,,08:05:00,10:50:00,2017-12-06 14:01:02,3.6,640,31
1255,MU2220,,08:05:00,10:50:00,2017-12-06 14:01:03,3.6,640,31
1265,MU2220,,08:05:00,10:50:00,2017-12-07 14:19:51,3.6,640,30
1346,MU2220,,08:05:00,10:50:00,2017-12-07 14:19:52,3.6,640,30
1358,MU2220,,08:05:00,10:50:00,2017-12-08 14:24:05,3.7,650,29
1450,MU2220,,08:05:00,10:50:00,2017-12-09 14:04:55,3.7,650,28
1490,MU2220,,08:05:00,10:50:00,2017-12-09 14:04:59,3.7,650,28
1570,MU2220,,08:05:00,10:50:00,2017-12-10 14:03:23,3.6,640,27
1608,MU2220,,08:05:00,10:50:00,2017-12-10 14:03:24,3.6,640,27
1620,MU2220,,08:05:00,10:50:00,2017-12-11 14:27:59,3.5,610,26
1668,MU2220,,08:05:00,10:50:00,2017-12-11 14:28:01,3.5,610,26
1748,MU2220,,08:05:00,10:50:00,2017-12-12 13:59:02,2.8,500,25
1791,MU2220,,08:05:00,10:50:00,2017-12-12 13:59:03,2.8,500,25
1796,MU2220,,08:05:00,10:50:00,2017-12-13 14:07:51,2.8,500,24
1849,MU2220,,08:05:00,10:50:00,2017-12-13 14:07:52,2.8,500,24
1968,MU2220,,08:05:00,10:50:00,2017-12-14 14:16:52,2.8,500,23
1986,MU2220,,08:05:00,10:50:00,2017-12-15 14:11:46,2.8,500,22
2061,MU2220,,08:05:00,10:50:00,2017-12-15 14:11:56,2.8,500,22
2103,MU2220,,08:05:00,10:50:00,2017-12-16 14:02:27,2.9,513,21
2156,MU2220,,08:05:00,10:50:00,2017-12-17 14:13:03,2.9,504,20
2241,MU2220,,08:05:00,10:50:00,2017-12-17 14:13:04,2.9,504,20
2254,MU2220,,08:05:00,10:50:00,2017-12-18 14:12:04,3.6,640,19
2377,MU2220,,08:05:00,10:50:00,2017-12-19 14:21:17,3.8,670,18
2470,MU2220,,08:05:00,10:50:00,2017-12-20 14:09:48,3.9,680,17
2480,MU2220,,08:05:00,10:50:00,2017-12-21 14:08:59,3.9,680,16
2526,MU2220,,08:05:00,10:50:00,2017-12-21 14:09:02,3.9,680,16
2569,MU2220,,08:05:00,10:50:00,2017-12-22 14:00:19,3.8,670,15
2652,MU2220,,08:05:00,10:50:00,2017-12-22 14:00:20,3.8,670,15
2697,MU2220,,08:05:00,10:50:00,2017-12-23 14:28:42,3.9,680,14
2708,MU2220,,08:05:00,10:50:00,2017-12-23 14:28:45,3.9,680,14
2748,MU2220,,08:05:00,10:50:00,2017-12-24 13:59:03,3.8,670,13
2799,MU2220,,08:05:00,10:50:00,2017-12-24 13:59:08,3.8,670,13
2846,MU2220,,08:05:00,10:50:00,2017-12-25 14:15:17,3.9,680,12
2937,MU2220,,08:05:00,10:50:00,2017-12-26 14:17:08,3.8,670,11
3028,MU2220,,08:05:00,10:50:00,2017-12-27 14:09:22,5.0,880,10
3111,MU2220,,08:05:00,10:50:00,2017-12-27 14:09:27,5.0,880,10
3157,MU2220,,08:05:00,10:50:00,2017-12-28 14:20:11,4.9,860,9
3167,MU2220,,08:05:00,10:50:00,2017-12-28 14:20:12,4.9,860,9
3249,MU2220,,08:05:00,10:50:00,2017-12-29 14:06:15,7.6,1340,8
3258,MU2220,,08:05:00,10:50:00,2017-12-29 14:06:16,7.6,1340,8
3341,MU2220,,08:05:00,10:50:00,2017-12-30 14:15:16,6.9,1210,7
3367,MU2220,,08:05:00,10:50:00,2017-12-30 14:15:17,6.9,1210,7
3419,MU2220,,08:05:00,10:50:00,2017-12-31 13:56:17,6.9,1210,6
3525,MU2220,,08:05:00,10:50:00,2018-01-01 13:57:10,6.9,1210,5
3588,MU2220,,08:05:00,10:50:00,2018-01-02 14:14:30,6.9,1220,4
3630,MU2220,,08:05:00,10:50:00,2018-01-02 14:14:31,6.9,1220,4
3676,MU2220,,08:05:00,10:50:00,2018-01-03 13:35:41,6.9,1210,3
3717,MU2220,,08:05:00,10:50:00,2018-01-04 13:57:51,6.9,1210,2
3764,MU2220,,08:05:00,10:50:00,2018-01-05 14:21:38,6.9,1210,1
3810,MU2220,,08:05:00,10:50:00,2018-01-06 14:19:02,6.9,1210,0
16,MU3968,HO1120,13:10:00,15:55:00,2017-11-23 14:08:55,7.0,1230,44
63,MU3968,HO1120,13:10:00,15:55:00,2017-11-23 14:08:58,7.0,1230,44
115,MU3968,HO1120,13:10:00,15:55:00,2017-11-24 14:22:17,7.0,1230,43
162,MU3968,HO1120,13:10:00,15:55:00,2017-11-24 14:22:30,7.0,1230,43
198,MU3968,HO1120,13:10:00,15:55:00,2017-11-25 14:17:54,7.0,1230,42
253,MU3968,HO1120,13:10:00,15:55:00,2017-11-25 14:17:56,7.0,1230,42
297,MU3968,HO1120,13:10:00,15:55:00,2017-11-26 14:23:55,7.0,1230,41
352,MU3968,HO1120,13:10:00,15:55:00,2017-11-26 14:23:56,7.0,1230,41
399,MU3968,HO1120,13:10:00,15:55:00,2017-11-27 14:05:44,7.0,1230,40
437,MU3968,HO1120,13:10:00,15:55:00,2017-11-27 14:05:46,7.0,1230,40
467,MU3968,HO1120,13:10:00,15:55:00,2017-11-28 14:11:00,7.0,1230,39
546,MU3968,HO1120,13:10:00,15:55:00,2017-11-29 14:16:56,7.0,1230,38
627,MU3968,HO1120,13:10:00,15:55:00,2017-11-29 14:17:01,7.0,1230,38
648,MU3968,HO1120,13:10:00,15:55:00,2017-11-30 14:27:23,7.0,1230,37
747,MU3968,HO1120,13:10:00,15:55:00,2017-12-01 14:07:21,7.0,1230,36
797,MU3968,HO1120,13:10:00,15:55:00,2017-12-01 14:07:22,7.0,1230,36
837,MU3968,HO1120,13:10:00,15:55:00,2017-12-02 14:00:57,7.0,1230,35
880,MU3968,HO1120,13:10:00,15:55:00,2017-12-02 14:00:58,7.0,1230,35
917,MU3968,HO1120,13:10:00,15:55:00,2017-12-03 13:58:12,7.0,1230,34
1022,MU3968,HO1120,13:10:00,15:55:00,2017-12-04 13:57:56,7.0,1230,33
1054,MU3968,HO1120,13:10:00,15:55:00,2017-12-04 13:57:57,7.0,1230,33
1113,MU3968,HO1120,13:10:00,15:55:00,2017-12-05 14:22:49,7.0,1230,32
1162,MU3968,HO1120,13:10:00,15:55:00,2017-12-05 14:22:50,7.0,1230,32
1187,MU3968,HO1120,13:10:00,15:55:00,2017-12-06 14:01:02,7.0,1230,31
1243,MU3968,HO1120,13:10:00,15:55:00,2017-12-06 14:01:03,7.0,1230,31
1278,MU3968,HO1120,13:10:00,15:55:00,2017-12-07 14:19:51,7.0,1230,30
1311,MU3968,HO1120,13:10:00,15:55:00,2017-12-07 14:19:52,7.0,1230,30
1371,MU3968,HO1120,13:10:00,15:55:00,2017-12-08 14:24:05,7.0,1230,29
1482,MU3968,HO1120,13:10:00,15:55:00,2017-12-09 14:04:55,7.0,1230,28
1503,MU3968,HO1120,13:10:00,15:55:00,2017-12-09 14:04:59,7.0,1230,28
1560,MU3968,HO1120,13:10:00,15:55:00,2017-12-10 14:03:23,7.0,1230,27
1576,MU3968,HO1120,13:10:00,15:55:00,2017-12-10 14:03:24,7.0,1230,27
1626,MU3968,HO1120,13:10:00,15:55:00,2017-12-11 14:27:59,7.0,1230,26
1681,MU3968,HO1120,13:10:00,15:55:00,2017-12-11 14:28:01,7.0,1230,26
1735,MU3968,HO1120,13:10:00,15:55:00,2017-12-12 13:59:02,7.0,1230,25
1777,MU3968,HO1120,13:10:00,15:55:00,2017-12-12 13:59:03,7.0,1230,25
1813,MU3968,HO1120,13:10:00,15:55:00,2017-12-13 14:07:51,7.0,1230,24
1857,MU3968,HO1120,13:10:00,15:55:00,2017-12-13 14:07:52,7.0,1230,24
1916,MU3968,HO1120,13:10:00,15:55:00,2017-12-14 14:16:52,7.0,1230,23
1997,MU3968,HO1120,13:10:00,15:55:00,2017-12-15 14:11:46,7.0,1230,22
2048,MU3968,HO1120,13:10:00,15:55:00,2017-12-15 14:11:56,7.0,1230,22
2090,MU3968,HO1120,13:10:00,15:55:00,2017-12-16 14:02:27,7.0,1230,21
2189,MU3968,HO1120,13:10:00,15:55:00,2017-12-17 14:13:03,7.0,1230,20
2228,MU3968,HO1120,13:10:00,15:55:00,2017-12-17 14:13:04,7.0,1230,20
2267,MU3968,HO1120,13:10:00,15:55:00,2017-12-18 14:12:04,7.0,1230,19
2364,MU3968,HO1120,13:10:00,15:55:00,2017-12-19 14:21:17,7.0,1230,18
2457,MU3968,HO1120,13:10:00,15:55:00,2017-12-20 14:09:48,7.0,1230,17
2493,MU3968,HO1120,13:10:00,15:55:00,2017-12-21 14:08:59,7.0,1230,16
2539,MU3968,HO1120,13:10:00,15:55:00,2017-12-21 14:09:02,7.0,1230,16
2582,MU3968,HO1120,13:10:00,15:55:00,2017-12-22 14:00:19,7.0,1230,15
2639,MU3968,HO1120,13:10:00,15:55:00,2017-12-22 14:00:20,7.0,1230,15
2685,MU3968,HO1120,13:10:00,15:55:00,2017-12-23 14:28:42,7.0,1230,14
2740,MU3968,HO1120,13:10:00,15:55:00,2017-12-23 14:28:45,7.0,1230,14
2781,MU3968,HO1120,13:10:00,15:55:00,2017-12-24 13:59:03,7.0,1230,13
2812,MU3968,HO1120,13:10:00,15:55:00,2017-12-24 13:59:08,7.0,1230,13
2859,MU3968,HO1120,13:10:00,15:55:00,2017-12-25 14:15:17,7.0,1230,12
2950,MU3968,HO1120,13:10:00,15:55:00,2017-12-26 14:17:08,7.0,1230,11
3041,MU3968,HO1120,13:10:00,15:55:00,2017-12-27 14:09:22,7.0,1230,10
3099,MU3968,HO1120,13:10:00,15:55:00,2017-12-27 14:09:27,7.0,1230,10
3144,MU3968,HO1120,13:10:00,15:55:00,2017-12-28 14:20:11,7.0,1230,9
3180,MU3968,HO1120,13:10:00,15:55:00,2017-12-28 14:20:12,7.0,1230,9
3236,MU3968,HO1120,13:10:00,15:55:00,2017-12-29 14:06:15,7.0,1230,8
3289,MU3968,HO1120,13:10:00,15:55:00,2017-12-29 14:06:16,7.0,1230,8
3328,MU3968,HO1120,13:10:00,15:55:00,2017-12-30 14:15:16,7.0,1230,7
3354,MU3968,HO1120,13:10:00,15:55:00,2017-12-30 14:15:17,7.0,1230,7
3414,MU3968,HO1120,13:10:00,15:55:00,2017-12-31 13:56:17,7.0,1230,6
3512,MU3968,HO1120,13:10:00,15:55:00,2018-01-01 13:57:10,7.0,1230,5
3601,MU3968,HO1120,13:10:00,15:55:00,2018-01-02 14:14:30,7.0,1230,4
3643,MU3968,HO1120,13:10:00,15:55:00,2018-01-02 14:14:31,7.0,1230,4
3689,MU3968,HO1120,13:10:00,15:55:00,2018-01-03 13:35:41,7.0,1230,3
3730,MU3968,HO1120,13:10:00,15:55:00,2018-01-04 13:57:51,7.0,1230,2
3777,MU3968,HO1120,13:10:00,15:55:00,2018-01-05 14:21:38,7.0,1230,1
3819,MU3968,HO1120,13:10:00,15:55:00,2018-01-06 14:19:02,7.0,1230,0
41,MU3970,HO1098,14:55:00,17:55:00,2017-11-23 14:08:55,7.0,1230,44
52,MU3970,HO1098,14:55:00,17:55:00,2017-11-23 14:08:58,7.0,1230,44
93,MU3970,HO1098,14:55:00,17:55:00,2017-11-24 14:22:17,7.0,1230,43
173,MU3970,HO1098,14:55:00,17:55:00,2017-11-24 14:22:30,7.0,1230,43
187,MU3970,HO1098,14:55:00,17:55:00,2017-11-25 14:17:54,7.0,1230,42
242,MU3970,HO1098,14:55:00,17:55:00,2017-11-25 14:17:56,7.0,1230,42
308,MU3970,HO1098,14:55:00,17:55:00,2017-11-26 14:23:55,7.0,1230,41
336,MU3970,HO1098,14:55:00,17:55:00,2017-11-26 14:23:56,7.0,1230,41
388,MU3970,HO1098,14:55:00,17:55:00,2017-11-27 14:05:44,7.0,1230,40
448,MU3970,HO1098,14:55:00,17:55:00,2017-11-27 14:05:46,7.0,1230,40
478,MU3970,HO1098,14:55:00,17:55:00,2017-11-28 14:11:00,7.0,1230,39
557,MU3970,HO1098,14:55:00,17:55:00,2017-11-29 14:16:56,7.0,1230,38
615,MU3970,HO1098,14:55:00,17:55:00,2017-11-29 14:17:01,7.0,1230,38
637,MU3970,HO1098,14:55:00,17:55:00,2017-11-30 14:27:23,7.0,1230,37
736,MU3970,HO1098,14:55:00,17:55:00,2017-12-01 14:07:21,7.0,1230,36
808,MU3970,HO1098,14:55:00,17:55:00,2017-12-01 14:07:22,7.0,1230,36
848,MU3970,HO1098,14:55:00,17:55:00,2017-12-02 14:00:57,7.0,1230,35
891,MU3970,HO1098,14:55:00,17:55:00,2017-12-02 14:00:58,7.0,1230,35
906,MU3970,HO1098,14:55:00,17:55:00,2017-12-03 13:58:12,7.0,1230,34
1033,MU3970,HO1098,14:55:00,17:55:00,2017-12-04 13:57:56,7.0,1230,33
1043,MU3970,HO1098,14:55:00,17:55:00,2017-12-04 13:57:57,7.0,1230,33
1122,MU3970,HO1098,14:55:00,17:55:00,2017-12-05 14:22:49,7.0,1230,32
1133,MU3970,HO1098,14:55:00,17:55:00,2017-12-05 14:22:50,7.0,1230,32
1190,MU3970,HO1098,14:55:00,17:55:00,2017-12-06 14:01:02,7.0,1230,31
1215,MU3970,HO1098,14:55:00,17:55:00,2017-12-06 14:01:03,7.0,1230,31
1267,MU3970,HO1098,14:55:00,17:55:00,2017-12-07 14:19:51,7.0,1230,30
1344,MU3970,HO1098,14:55:00,17:55:00,2017-12-07 14:19:52,7.0,1230,30
1360,MU3970,HO1098,14:55:00,17:55:00,2017-12-08 14:24:05,7.0,1230,29
1448,MU3970,HO1098,14:55:00,17:55:00,2017-12-09 14:04:55,7.0,1230,28
1492,MU3970,HO1098,14:55:00,17:55:00,2017-12-09 14:04:59,7.0,1230,28
1568,MU3970,HO1098,14:55:00,17:55:00,2017-12-10 14:03:23,7.0,1230,27
1610,MU3970,HO1098,14:55:00,17:55:00,2017-12-10 14:03:24,7.0,1230,27
1663,MU3970,HO1098,14:55:00,17:55:00,2017-12-11 14:27:59,7.0,1230,26
1670,MU3970,HO1098,14:55:00,17:55:00,2017-12-11 14:28:01,7.0,1230,26
1746,MU3970,HO1098,14:55:00,17:55:00,2017-12-12 13:59:02,7.0,1230,25
1789,MU3970,HO1098,14:55:00,17:55:00,2017-12-12 13:59:03,7.0,1230,25
1798,MU3970,HO1098,14:55:00,17:55:00,2017-12-13 14:07:51,7.0,1230,24
1847,MU3970,HO1098,14:55:00,17:55:00,2017-12-13 14:07:52,7.0,1230,24
1925,MU3970,HO1098,14:55:00,17:55:00,2017-12-14 14:16:52,7.0,1230,23
1984,MU3970,HO1098,14:55:00,17:55:00,2017-12-15 14:11:46,7.0,1230,22
2059,MU3970,HO1098,14:55:00,17:55:00,2017-12-15 14:11:56,7.0,1230,22
2101,MU3970,HO1098,14:55:00,17:55:00,2017-12-16 14:02:27,7.0,1230,21
2200,MU3970,HO1098,14:55:00,17:55:00,2017-12-17 14:13:03,7.0,1230,20
2239,MU3970,HO1098,14:55:00,17:55:00,2017-12-17 14:13:04,7.0,1230,20
2256,MU3970,HO1098,14:55:00,17:55:00,2017-12-18 14:12:04,7.0,1230,19
2375,MU3970,HO1098,14:55:00,17:55:00,2017-12-19 14:21:17,7.0,1230,18
2468,MU3970,HO1098,14:55:00,17:55:00,2017-12-20 14:09:48,7.0,1230,17
2482,MU3970,HO1098,14:55:00,17:55:00,2017-12-21 14:08:59,7.0,1230,16
2528,MU3970,HO1098,14:55:00,17:55:00,2017-12-21 14:09:02,7.0,1230,16
2571,MU3970,HO1098,14:55:00,17:55:00,2017-12-22 14:00:19,7.0,1230,15
2650,MU3970,HO1098,14:55:00,17:55:00,2017-12-22 14:00:20,7.0,1230,15
2695,MU3970,HO1098,14:55:00,17:55:00,2017-12-23 14:28:42,7.0,1230,14
2711,MU3970,HO1098,14:55:00,17:55:00,2017-12-23 14:28:45,7.0,1230,14
2792,MU3970,HO1098,14:55:00,17:55:00,2017-12-24 13:59:03,7.0,1230,13
2801,MU3970,HO1098,14:55:00,17:55:00,2017-12-24 13:59:08,7.0,1230,13
2848,MU3970,HO1098,14:55:00,17:55:00,2017-12-25 14:15:17,7.0,1230,12
2939,MU3970,HO1098,14:55:00,17:55:00,2017-12-26 14:17:08,7.0,1230,11
3030,MU3970,HO1098,14:55:00,17:55:00,2017-12-27 14:09:22,7.0,1230,10
3110,MU3970,HO1098,14:55:00,17:55:00,2017-12-27 14:09:27,7.0,1230,10
3155,MU3970,HO1098,14:55:00,17:55:00,2017-12-28 14:20:11,7.0,1230,9
3169,MU3970,HO1098,14:55:00,17:55:00,2017-12-28 14:20:12,7.0,1230,9
3247,MU3970,HO1098,14:55:00,17:55:00,2017-12-29 14:06:15,7.0,1230,8
3254,MU3970,HO1098,14:55:00,17:55:00,2017-12-29 14:06:16,7.0,1230,8
3339,MU3970,HO1098,14:55:00,17:55:00,2017-12-30 14:15:16,7.0,1230,7
3365,MU3970,HO1098,14:55:00,17:55:00,2017-12-30 14:15:17,7.0,1230,7
3417,MU3970,HO1098,14:55:00,17:55:00,2017-12-31 13:56:17,7.0,1230,6
3523,MU3970,HO1098,14:55:00,17:55:00,2018-01-01 13:57:10,7.0,1230,5
3590,MU3970,HO1098,14:55:00,17:55:00,2018-01-02 14:14:30,7.0,1230,4
3632,MU3970,HO1098,14:55:00,17:55:00,2018-01-02 14:14:31,7.0,1230,4
3678,MU3970,HO1098,14:55:00,17:55:00,2018-01-03 13:35:41,7.0,1230,3
3719,MU3970,HO1098,14:55:00,17:55:00,2018-01-04 13:57:51,7.0,1230,2
3766,MU3970,HO1098,14:55:00,17:55:00,2018-01-05 14:21:38,7.0,1230,1
3812,MU3970,HO1098,14:55:00,17:55:00,2018-01-06 14:19:02,7.0,1230,0
29,MU4014,HO1270,12:50:00,18:05:00,2017-11-23 14:08:55,7.0,1230,44
84,MU4014,HO1270,12:50:00,18:05:00,2017-11-23 14:08:58,7.0,1230,44
129,MU4014,HO1270,12:50:00,18:05:00,2017-11-24 14:22:17,7.0,1230,43
151,MU4014,HO1270,12:50:00,18:05:00,2017-11-24 14:22:30,7.0,1230,43
219,MU4014,HO1270,12:50:00,18:05:00,2017-11-25 14:17:54,7.0,1230,42
225,MU4014,HO1270,12:50:00,18:05:00,2017-11-25 14:17:56,7.0,1230,42
277,MU4014,HO1270,12:50:00,18:05:00,2017-11-26 14:23:55,7.0,1230,41
321,MU4014,HO1270,12:50:00,18:05:00,2017-11-26 14:23:56,7.0,1230,41
375,MU4014,HO1270,12:50:00,18:05:00,2017-11-27 14:05:44,7.0,1230,40
411,MU4014,HO1270,12:50:00,18:05:00,2017-11-27 14:05:46,7.0,1230,40
489,MU4014,HO1270,12:50:00,18:05:00,2017-11-28 14:11:00,7.0,1230,39
569,MU4014,HO1270,12:50:00,18:05:00,2017-11-29 14:16:56,7.0,1230,38
603,MU4014,HO1270,12:50:00,18:05:00,2017-11-29 14:17:01,7.0,1230,38
669,MU4014,HO1270,12:50:00,18:05:00,2017-11-30 14:27:23,7.0,1230,37
723,MU4014,HO1270,12:50:00,18:05:00,2017-12-01 14:07:21,7.0,1230,36
772,MU4014,HO1270,12:50:00,18:05:00,2017-12-01 14:07:22,7.0,1230,36
817,MU4014,HO1270,12:50:00,18:05:00,2017-12-02 14:00:57,7.0,1230,35
866,MU4014,HO1270,12:50:00,18:05:00,2017-12-02 14:00:58,7.0,1230,35
943,MU4014,HO1270,12:50:00,18:05:00,2017-12-03 13:58:12,7.0,1230,34
1001,MU4014,HO1270,12:50:00,18:05:00,2017-12-04 13:57:56,7.0,1230,33
1075,MU4014,HO1270,12:50:00,18:05:00,2017-12-04 13:57:57,7.0,1230,33
1095,MU4014,HO1270,12:50:00,18:05:00,2017-12-05 14:22:49,7.0,1230,32
1141,MU4014,HO1270,12:50:00,18:05:00,2017-12-05 14:22:50,7.0,1230,32
1176,MU4014,HO1270,12:50:00,18:05:00,2017-12-06 14:01:02,7.0,1230,31
1222,MU4014,HO1270,12:50:00,18:05:00,2017-12-06 14:01:03,7.0,1230,31
1298,MU4014,HO1270,12:50:00,18:05:00,2017-12-07 14:19:51,7.0,1230,30
1332,MU4014,HO1270,12:50:00,18:05:00,2017-12-07 14:19:52,7.0,1230,30
1392,MU4014,HO1270,12:50:00,18:05:00,2017-12-08 14:24:05,7.0,1230,29
1464,MU4014,HO1270,12:50:00,18:05:00,2017-12-09 14:04:55,7.0,1230,28
1521,MU4014,HO1270,12:50:00,18:05:00,2017-12-09 14:04:59,7.0,1230,28
1540,MU4014,HO1270,12:50:00,18:05:00,2017-12-10 14:03:23,7.0,1230,27
1590,MU4014,HO1270,12:50:00,18:05:00,2017-12-10 14:03:24,7.0,1230,27
1647,MU4014,HO1270,12:50:00,18:05:00,2017-12-11 14:27:59,7.0,1230,26
1702,MU4014,HO1270,12:50:00,18:05:00,2017-12-11 14:28:01,7.0,1230,26
1716,MU4014,HO1270,12:50:00,18:05:00,2017-12-12 13:59:02,7.0,1230,25
1758,MU4014,HO1270,12:50:00,18:05:00,2017-12-12 13:59:03,7.0,1230,25
1834,MU4014,HO1270,12:50:00,18:05:00,2017-12-13 14:07:51,7.0,1230,24
1878,MU4014,HO1270,12:50:00,18:05:00,2017-12-13 14:07:52,7.0,1230,24
1895,MU4014,HO1270,12:50:00,18:05:00,2017-12-14 14:16:52,7.0,1230,23
2005,MU4014,HO1270,12:50:00,18:05:00,2017-12-15 14:11:46,7.0,1230,22
2028,MU4014,HO1270,12:50:00,18:05:00,2017-12-15 14:11:56,7.0,1230,22
2067,MU4014,HO1270,12:50:00,18:05:00,2017-12-16 14:02:27,7.0,1230,21
2168,MU4014,HO1270,12:50:00,18:05:00,2017-12-17 14:13:03,7.0,1230,20
2208,MU4014,HO1270,12:50:00,18:05:00,2017-12-17 14:13:04,7.0,1230,20
2288,MU4014,HO1270,12:50:00,18:05:00,2017-12-18 14:12:04,7.0,1230,19
2343,MU4014,HO1270,12:50:00,18:05:00,2017-12-19 14:21:17,7.0,1230,18
2435,MU4014,HO1270,12:50:00,18:05:00,2017-12-20 14:09:48,7.0,1230,17
2515,MU4014,HO1270,12:50:00,18:05:00,2017-12-21 14:08:59,7.0,1230,16
2561,MU4014,HO1270,12:50:00,18:05:00,2017-12-21 14:09:02,7.0,1230,16
2603,MU4014,HO1270,12:50:00,18:05:00,2017-12-22 14:00:19,7.0,1230,15
2617,MU4014,HO1270,12:50:00,18:05:00,2017-12-22 14:00:20,7.0,1230,15
2663,MU4014,HO1270,12:50:00,18:05:00,2017-12-23 14:28:42,7.0,1230,14
2718,MU4014,HO1270,12:50:00,18:05:00,2017-12-23 14:28:45,7.0,1230,14
2759,MU4014,HO1270,12:50:00,18:05:00,2017-12-24 13:59:03,7.0,1230,13
2834,MU4014,HO1270,12:50:00,18:05:00,2017-12-24 13:59:08,7.0,1230,13
2881,MU4014,HO1270,12:50:00,18:05:00,2017-12-25 14:15:17,7.0,1230,12
2972,MU4014,HO1270,12:50:00,18:05:00,2017-12-26 14:17:08,7.0,1230,11
3063,MU4014,HO1270,12:50:00,18:05:00,2017-12-27 14:09:22,7.0,1230,10
3077,MU4014,HO1270,12:50:00,18:05:00,2017-12-27 14:09:27,7.0,1230,10
3122,MU4014,HO1270,12:50:00,18:05:00,2017-12-28 14:20:11,7.0,1230,9
3202,MU4014,HO1270,12:50:00,18:05:00,2017-12-28 14:20:12,7.0,1230,9
3215,MU4014,HO1270,12:50:00,18:05:00,2017-12-29 14:06:15,7.0,1230,8
3265,MU4014,HO1270,12:50:00,18:05:00,2017-12-29 14:06:16,7.0,1230,8
3307,MU4014,HO1270,12:50:00,18:05:00,2017-12-30 14:15:16,7.0,1230,7
3378,MU4014,HO1270,12:50:00,18:05:00,2017-12-30 14:15:17,7.0,1230,7
3430,MU4014,HO1270,12:50:00,18:05:00,2017-12-31 13:56:17,7.0,1230,6
3491,MU4014,HO1270,12:50:00,18:05:00,2018-01-01 13:57:10,7.0,1230,5
3582,MU4014,HO1270,12:50:00,18:05:00,2018-01-02 14:14:30,7.0,1230,4
3665,MU4014,HO1270,12:50:00,18:05:00,2018-01-02 14:14:31,7.0,1230,4
3710,MU4014,HO1270,12:50:00,18:05:00,2018-01-03 13:35:41,7.0,1230,3
3752,MU4014,HO1270,12:50:00,18:05:00,2018-01-04 13:57:51,7.0,1230,2
3799,MU4014,HO1270,12:50:00,18:05:00,2018-01-05 14:21:38,7.0,1230,1
3843,MU4014,HO1270,12:50:00,18:05:00,2018-01-06 14:19:02,7.0,1230,0
11,MU5404,,10:00:00,12:45:00,2017-11-23 14:08:55,5.4,950,44
68,MU5404,,10:00:00,12:45:00,2017-11-23 14:08:58,5.4,950,44
111,MU5404,,10:00:00,12:45:00,2017-11-24 14:22:17,5.4,950,43
157,MU5404,,10:00:00,12:45:00,2017-11-24 14:22:30,5.4,950,43
203,MU5404,,10:00:00,12:45:00,2017-11-25 14:17:54,6.4,1130,42
258,MU5404,,10:00:00,12:45:00,2017-11-25 14:17:56,6.4,1130,42
293,MU5404,,10:00:00,12:45:00,2017-11-26 14:23:55,6.4,1130,41
347,MU5404,,10:00:00,12:45:00,2017-11-26 14:23:56,6.4,1130,41
403,MU5404,,10:00:00,12:45:00,2017-11-27 14:05:44,6.4,1130,40
432,MU5404,,10:00:00,12:45:00,2017-11-27 14:05:46,6.4,1130,40
462,MU5404,,10:00:00,12:45:00,2017-11-28 14:11:00,6.4,1130,39
541,MU5404,,10:00:00,12:45:00,2017-11-29 14:16:56,6.4,1130,38
587,MU5404,,10:00:00,12:45:00,2017-11-29 14:17:01,6.4,1130,38
653,MU5404,,10:00:00,12:45:00,2017-11-30 14:27:23,6.4,1130,37
752,MU5404,,10:00:00,12:45:00,2017-12-01 14:07:21,6.4,1130,36
792,MU5404,,10:00:00,12:45:00,2017-12-01 14:07:22,6.4,1130,36
832,MU5404,,10:00:00,12:45:00,2017-12-02 14:00:57,6.4,1130,35
875,MU5404,,10:00:00,12:45:00,2017-12-02 14:00:58,6.4,1130,35
922,MU5404,,10:00:00,12:45:00,2017-12-03 13:58:12,6.3,1110,34
1017,MU5404,,10:00:00,12:45:00,2017-12-04 13:57:56,6.4,1130,33
1059,MU5404,,10:00:00,12:45:00,2017-12-04 13:57:57,6.4,1130,33
1108,MU5404,,10:00:00,12:45:00,2017-12-05 14:22:49,6.4,1130,32
1157,MU5404,,10:00:00,12:45:00,2017-12-05 14:22:50,6.4,1130,32
1205,MU5404,,10:00:00,12:45:00,2017-12-06 14:01:02,6.4,1130,31
1238,MU5404,,10:00:00,12:45:00,2017-12-06 14:01:03,6.4,1130,31
1283,MU5404,,10:00:00,12:45:00,2017-12-07 14:19:51,6.4,1130,30
1316,MU5404,,10:00:00,12:45:00,2017-12-07 14:19:52,6.4,1130,30
1376,MU5404,,10:00:00,12:45:00,2017-12-08 14:24:05,6.4,1130,29
1477,MU5404,,10:00:00,12:45:00,2017-12-09 14:04:55,6.4,1130,28
1508,MU5404,,10:00:00,12:45:00,2017-12-09 14:04:59,6.4,1130,28
1556,MU5404,,10:00:00,12:45:00,2017-12-10 14:03:23,6.4,1130,27
1581,MU5404,,10:00:00,12:45:00,2017-12-10 14:03:24,6.4,1130,27
1631,MU5404,,10:00:00,12:45:00,2017-12-11 14:27:59,6.3,1110,26
1686,MU5404,,10:00:00,12:45:00,2017-12-11 14:28:01,6.3,1110,26
1731,MU5404,,10:00:00,12:45:00,2017-12-12 13:59:02,6.4,1130,25
1773,MU5404,,10:00:00,12:45:00,2017-12-12 13:59:03,6.4,1130,25
1818,MU5404,,10:00:00,12:45:00,2017-12-13 14:07:51,6.4,1130,24
1862,MU5404,,10:00:00,12:45:00,2017-12-13 14:07:52,6.4,1130,24
1911,MU5404,,10:00:00,12:45:00,2017-12-14 14:16:52,6.4,1130,23
1992,MU5404,,10:00:00,12:45:00,2017-12-15 14:11:46,6.4,1130,22
2044,MU5404,,10:00:00,12:45:00,2017-12-15 14:11:56,6.4,1130,22
2085,MU5404,,10:00:00,12:45:00,2017-12-16 14:02:27,6.4,1130,21
2184,MU5404,,10:00:00,12:45:00,2017-12-17 14:13:03,6.4,1130,20
2223,MU5404,,10:00:00,12:45:00,2017-12-17 14:13:04,6.4,1130,20
2272,MU5404,,10:00:00,12:45:00,2017-12-18 14:12:04,6.3,1100,19
2359,MU5404,,10:00:00,12:45:00,2017-12-19 14:21:17,6.1,1080,18
2451,MU5404,,10:00:00,12:45:00,2017-12-20 14:09:48,6.3,1100,17
2499,MU5404,,10:00:00,12:45:00,2017-12-21 14:08:59,6.3,1100,16
2545,MU5404,,10:00:00,12:45:00,2017-12-21 14:09:02,6.3,1100,16
2587,MU5404,,10:00:00,12:45:00,2017-12-22 14:00:19,6.1,1080,15
2633,MU5404,,10:00:00,12:45:00,2017-12-22 14:00:20,6.1,1080,15
2679,MU5404,,10:00:00,12:45:00,2017-12-23 14:28:42,6.3,1100,14
2734,MU5404,,10:00:00,12:45:00,2017-12-23 14:28:45,6.3,1100,14
2775,MU5404,,10:00:00,12:45:00,2017-12-24 13:59:03,6.3,1100,13
2818,MU5404,,10:00:00,12:45:00,2017-12-24 13:59:08,6.3,1100,13
2865,MU5404,,10:00:00,12:45:00,2017-12-25 14:15:17,6.3,1100,12
2956,MU5404,,10:00:00,12:45:00,2017-12-26 14:17:08,6.3,1100,11
3047,MU5404,,10:00:00,12:45:00,2017-12-27 14:09:22,6.3,1100,10
3093,MU5404,,10:00:00,12:45:00,2017-12-27 14:09:27,6.3,1100,10
3138,MU5404,,10:00:00,12:45:00,2017-12-28 14:20:11,6.1,1080,9
3186,MU5404,,10:00:00,12:45:00,2017-12-28 14:20:12,6.1,1080,9
3230,MU5404,,10:00:00,12:45:00,2017-12-29 14:06:15,6.1,1080,8
3283,MU5404,,10:00:00,12:45:00,2017-12-29 14:06:16,6.1,1080,8
3323,MU5404,,10:00:00,12:45:00,2017-12-30 14:15:16,6.0,1060,7
3348,MU5404,,10:00:00,12:45:00,2017-12-30 14:15:17,6.0,1060,7
3407,MU5404,,10:00:00,12:45:00,2017-12-31 13:56:17,6.0,1060,6
3507,MU5404,,10:00:00,12:45:00,2018-01-01 13:57:10,6.0,1060,5
3607,MU5404,,10:00:00,12:45:00,2018-01-02 14:14:30,6.3,1110,4
3649,MU5404,,10:00:00,12:45:00,2018-01-02 14:14:31,6.3,1110,4
3694,MU5404,,10:00:00,12:45:00,2018-01-03 13:35:41,6.3,1100,3
3736,MU5404,,10:00:00,12:45:00,2018-01-04 13:57:51,7.2,1260,2
3783,MU5404,,10:00:00,12:45:00,2018-01-05 14:21:38,7.2,1260,1
3827,MU5404,,10:00:00,12:45:00,2018-01-06 14:19:02,7.2,1260,0
19,MU5406,,09:25:00,12:15:00,2017-11-23 14:08:55,3.8,660,44
60,MU5406,,09:25:00,12:15:00,2017-11-23 14:08:58,3.8,660,44
118,MU5406,,09:25:00,12:15:00,2017-11-24 14:22:17,3.8,670,43
165,MU5406,,09:25:00,12:15:00,2017-11-24 14:22:30,3.8,670,43
195,MU5406,,09:25:00,12:15:00,2017-11-25 14:17:54,3.8,660,42
250,MU5406,,09:25:00,12:15:00,2017-11-25 14:17:56,3.8,660,42
300,MU5406,,09:25:00,12:15:00,2017-11-26 14:23:55,3.8,670,41
344,MU5406,,09:25:00,12:15:00,2017-11-26 14:23:56,3.8,670,41
396,MU5406,,09:25:00,12:15:00,2017-11-27 14:05:44,3.8,670,40
440,MU5406,,09:25:00,12:15:00,2017-11-27 14:05:46,3.8,670,40
470,MU5406,,09:25:00,12:15:00,2017-11-28 14:11:00,3.8,670,39
549,MU5406,,09:25:00,12:15:00,2017-11-29 14:16:56,3.8,660,38
624,MU5406,,09:25:00,12:15:00,2017-11-29 14:17:01,3.8,660,38
645,MU5406,,09:25:00,12:15:00,2017-11-30 14:27:23,3.8,670,37
744,MU5406,,09:25:00,12:15:00,2017-12-01 14:07:21,5.4,950,36
800,MU5406,,09:25:00,12:15:00,2017-12-01 14:07:22,5.4,950,36
840,MU5406,,09:25:00,12:15:00,2017-12-02 14:00:57,5.4,950,35
883,MU5406,,09:25:00,12:15:00,2017-12-02 14:00:58,5.4,950,35
914,MU5406,,09:25:00,12:15:00,2017-12-03 13:58:12,5.3,930,34
1025,MU5406,,09:25:00,12:15:00,2017-12-04 13:57:56,5.4,950,33
1051,MU5406,,09:25:00,12:15:00,2017-12-04 13:57:57,5.4,950,33
1116,MU5406,,09:25:00,12:15:00,2017-12-05 14:22:49,5.4,950,32
1165,MU5406,,09:25:00,12:15:00,2017-12-05 14:22:50,5.4,950,32
1184,MU5406,,09:25:00,12:15:00,2017-12-06 14:01:02,5.4,950,31
1246,MU5406,,09:25:00,12:15:00,2017-12-06 14:01:03,5.4,950,31
1275,MU5406,,09:25:00,12:15:00,2017-12-07 14:19:51,5.4,950,30
1308,MU5406,,09:25:00,12:15:00,2017-12-07 14:19:52,5.4,950,30
1368,MU5406,,09:25:00,12:15:00,2017-12-08 14:24:05,5.4,950,29
1441,MU5406,,09:25:00,12:15:00,2017-12-09 14:04:55,5.4,950,28
1500,MU5406,,09:25:00,12:15:00,2017-12-09 14:04:59,5.4,950,28
1531,MU5406,,09:25:00,12:15:00,2017-12-10 14:03:23,5.4,950,27
1618,MU5406,,09:25:00,12:15:00,2017-12-10 14:03:24,5.4,950,27
1655,MU5406,,09:25:00,12:15:00,2017-12-11 14:27:59,3.5,610,26
1678,MU5406,,09:25:00,12:15:00,2017-12-11 14:28:01,3.5,610,26
1738,MU5406,,09:25:00,12:15:00,2017-12-12 13:59:02,2.8,500,25
1780,MU5406,,09:25:00,12:15:00,2017-12-12 13:59:03,2.8,500,25
1810,MU5406,,09:25:00,12:15:00,2017-12-13 14:07:51,2.8,500,24
1854,MU5406,,09:25:00,12:15:00,2017-12-13 14:07:52,2.8,500,24
1919,MU5406,,09:25:00,12:15:00,2017-12-14 14:16:52,4.1,730,23
1976,MU5406,,09:25:00,12:15:00,2017-12-15 14:11:46,4.1,730,22
2051,MU5406,,09:25:00,12:15:00,2017-12-15 14:11:56,4.1,730,22
2093,MU5406,,09:25:00,12:15:00,2017-12-16 14:02:27,4.1,730,21
2192,MU5406,,09:25:00,12:15:00,2017-12-17 14:13:03,4.1,730,20
2231,MU5406,,09:25:00,12:15:00,2017-12-17 14:13:04,4.1,730,20
2264,MU5406,,09:25:00,12:15:00,2017-12-18 14:12:04,4.1,730,19
2367,MU5406,,09:25:00,12:15:00,2017-12-19 14:21:17,4.3,760,18
2460,MU5406,,09:25:00,12:15:00,2017-12-20 14:09:48,5.2,920,17
2490,MU5406,,09:25:00,12:15:00,2017-12-21 14:08:59,5.2,920,16
2536,MU5406,,09:25:00,12:15:00,2017-12-21 14:09:02,5.2,920,16
2579,MU5406,,09:25:00,12:15:00,2017-12-22 14:00:19,5.1,900,15
2642,MU5406,,09:25:00,12:15:00,2017-12-22 14:00:20,5.1,900,15
2688,MU5406,,09:25:00,12:15:00,2017-12-23 14:28:42,5.2,920,14
2745,MU5406,,09:25:00,12:15:00,2017-12-23 14:28:45,5.2,920,14
2784,MU5406,,09:25:00,12:15:00,2017-12-24 13:59:03,5.2,920,13
2809,MU5406,,09:25:00,12:15:00,2017-12-24 13:59:08,5.2,920,13
2856,MU5406,,09:25:00,12:15:00,2017-12-25 14:15:17,5.2,920,12
2947,MU5406,,09:25:00,12:15:00,2017-12-26 14:17:08,5.2,920,11
3038,MU5406,,09:25:00,12:15:00,2017-12-27 14:09:22,5.2,920,10
3102,MU5406,,09:25:00,12:15:00,2017-12-27 14:09:27,5.2,920,10
3147,MU5406,,09:25:00,12:15:00,2017-12-28 14:20:11,5.1,900,9
3177,MU5406,,09:25:00,12:15:00,2017-12-28 14:20:12,5.1,900,9
3239,MU5406,,09:25:00,12:15:00,2017-12-29 14:06:15,5.1,900,8
3292,MU5406,,09:25:00,12:15:00,2017-12-29 14:06:16,5.1,900,8
3331,MU5406,,09:25:00,12:15:00,2017-12-30 14:15:16,5.1,890,7
3357,MU5406,,09:25:00,12:15:00,2017-12-30 14:15:17,5.1,890,7
3443,MU5406,,09:25:00,12:15:00,2017-12-31 13:56:17,5.1,890,6
3515,MU5406,,09:25:00,12:15:00,2018-01-01 13:57:10,5.1,890,5
3598,MU5406,,09:25:00,12:15:00,2018-01-02 14:14:30,5.3,930,4
3640,MU5406,,09:25:00,12:15:00,2018-01-02 14:14:31,5.3,930,4
3686,MU5406,,09:25:00,12:15:00,2018-01-03 13:35:41,6.3,1100,3
3727,MU5406,,09:25:00,12:15:00,2018-01-04 13:57:51,7.2,1260,2
3774,MU5406,,09:25:00,12:15:00,2018-01-05 14:21:38,7.2,1260,1
3850,MU5406,,09:25:00,12:15:00,2018-01-06 14:19:02,7.2,1260,0
43,MU5408,,12:45:00,15:25:00,2017-11-23 14:08:55,6.4,1130,44
54,MU5408,,12:45:00,15:25:00,2017-11-23 14:08:58,6.4,1130,44
91,MU5408,,12:45:00,15:25:00,2017-11-24 14:22:17,6.4,1130,43
171,MU5408,,12:45:00,15:25:00,2017-11-24 14:22:30,6.4,1130,43
189,MU5408,,12:45:00,15:25:00,2017-11-25 14:17:54,6.4,1130,42
244,MU5408,,12:45:00,15:25:00,2017-11-25 14:17:56,6.4,1130,42
306,MU5408,,12:45:00,15:25:00,2017-11-26 14:23:55,6.4,1130,41
338,MU5408,,12:45:00,15:25:00,2017-11-26 14:23:56,6.4,1130,41
390,MU5408,,12:45:00,15:25:00,2017-11-27 14:05:44,6.4,1130,40
446,MU5408,,12:45:00,15:25:00,2017-11-27 14:05:46,6.4,1130,40
476,MU5408,,12:45:00,15:25:00,2017-11-28 14:11:00,6.4,1130,39
555,MU5408,,12:45:00,15:25:00,2017-11-29 14:16:56,6.4,1130,38
617,MU5408,,12:45:00,15:25:00,2017-11-29 14:17:01,6.4,1130,38
630,MU5408,,12:45:00,15:25:00,2017-11-30 14:27:23,6.4,1130,37
738,MU5408,,12:45:00,15:25:00,2017-12-01 14:07:21,6.4,1130,36
806,MU5408,,12:45:00,15:25:00,2017-12-01 14:07:22,6.4,1130,36
846,MU5408,,12:45:00,15:25:00,2017-12-02 14:00:57,6.4,1130,35
889,MU5408,,12:45:00,15:25:00,2017-12-02 14:00:58,6.4,1130,35
908,MU5408,,12:45:00,15:25:00,2017-12-03 13:58:12,6.3,1110,34
1031,MU5408,,12:45:00,15:25:00,2017-12-04 13:57:56,6.4,1130,33
1045,MU5408,,12:45:00,15:25:00,2017-12-04 13:57:57,6.4,1130,33
1120,MU5408,,12:45:00,15:25:00,2017-12-05 14:22:49,6.4,1130,32
1131,MU5408,,12:45:00,15:25:00,2017-12-05 14:22:50,6.4,1130,32
1201,MU5408,,12:45:00,15:25:00,2017-12-06 14:01:02,6.4,1130,31
1252,MU5408,,12:45:00,15:25:00,2017-12-06 14:01:03,6.4,1130,31
1269,MU5408,,12:45:00,15:25:00,2017-12-07 14:19:51,6.4,1130,30
1342,MU5408,,12:45:00,15:25:00,2017-12-07 14:19:52,6.4,1130,30
1362,MU5408,,12:45:00,15:25:00,2017-12-08 14:24:05,6.4,1130,29
1446,MU5408,,12:45:00,15:25:00,2017-12-09 14:04:55,6.4,1130,28
1494,MU5408,,12:45:00,15:25:00,2017-12-09 14:04:59,6.4,1130,28
1566,MU5408,,12:45:00,15:25:00,2017-12-10 14:03:23,6.4,1130,27
1612,MU5408,,12:45:00,15:25:00,2017-12-10 14:03:24,6.4,1130,27
1661,MU5408,,12:45:00,15:25:00,2017-12-11 14:27:59,6.3,1110,26
1672,MU5408,,12:45:00,15:25:00,2017-12-11 14:28:01,6.3,1110,26
1744,MU5408,,12:45:00,15:25:00,2017-12-12 13:59:02,6.4,1130,25
1787,MU5408,,12:45:00,15:25:00,2017-12-12 13:59:03,6.4,1130,25
1800,MU5408,,12:45:00,15:25:00,2017-12-13 14:07:51,6.4,1130,24
1845,MU5408,,12:45:00,15:25:00,2017-12-13 14:07:52,6.4,1130,24
1927,MU5408,,12:45:00,15:25:00,2017-12-14 14:16:52,7.4,1300,23
1982,MU5408,,12:45:00,15:25:00,2017-12-15 14:11:46,7.4,1300,22
2057,MU5408,,12:45:00,15:25:00,2017-12-15 14:11:56,7.4,1300,22
2099,MU5408,,12:45:00,15:25:00,2017-12-16 14:02:27,7.4,1300,21
2198,MU5408,,12:45:00,15:25:00,2017-12-17 14:13:03,7.4,1300,20
2237,MU5408,,12:45:00,15:25:00,2017-12-17 14:13:04,7.4,1300,20
2258,MU5408,,12:45:00,15:25:00,2017-12-18 14:12:04,7.2,1260,19
2373,MU5408,,12:45:00,15:25:00,2017-12-19 14:21:17,7.0,1230,18
2466,MU5408,,12:45:00,15:25:00,2017-12-20 14:09:48,7.2,1260,17
2484,MU5408,,12:45:00,15:25:00,2017-12-21 14:08:59,7.2,1260,16
2530,MU5408,,12:45:00,15:25:00,2017-12-21 14:09:02,7.2,1260,16
2573,MU5408,,12:45:00,15:25:00,2017-12-22 14:00:19,7.0,1230,15
2648,MU5408,,12:45:00,15:25:00,2017-12-22 14:00:20,7.0,1230,15
2693,MU5408,,12:45:00,15:25:00,2017-12-23 14:28:42,7.2,1260,14
2709,MU5408,,12:45:00,15:25:00,2017-12-23 14:28:45,7.2,1260,14
2790,MU5408,,12:45:00,15:25:00,2017-12-24 13:59:03,7.2,1260,13
2803,MU5408,,12:45:00,15:25:00,2017-12-24 13:59:08,7.2,1260,13
2850,MU5408,,12:45:00,15:25:00,2017-12-25 14:15:17,7.2,1260,12
2941,MU5408,,12:45:00,15:25:00,2017-12-26 14:17:08,7.2,1260,11
3032,MU5408,,12:45:00,15:25:00,2017-12-27 14:09:22,7.2,1260,10
3108,MU5408,,12:45:00,15:25:00,2017-12-27 14:09:27,7.2,1260,10
3153,MU5408,,12:45:00,15:25:00,2017-12-28 14:20:11,7.0,1230,9
3171,MU5408,,12:45:00,15:25:00,2017-12-28 14:20:12,7.0,1230,9
3245,MU5408,,12:45:00,15:25:00,2017-12-29 14:06:15,7.0,1230,8
3298,MU5408,,12:45:00,15:25:00,2017-12-29 14:06:16,7.0,1230,8
3337,MU5408,,12:45:00,15:25:00,2017-12-30 14:15:16,6.9,1220,7
3363,MU5408,,12:45:00,15:25:00,2017-12-30 14:15:17,6.9,1220,7
3462,MU5408,,12:45:00,15:25:00,2017-12-31 13:56:17,6.9,1220,6
3521,MU5408,,12:45:00,15:25:00,2018-01-01 13:57:10,6.9,1220,5
3592,MU5408,,12:45:00,15:25:00,2018-01-02 14:14:30,7.2,1270,4
3634,MU5408,,12:45:00,15:25:00,2018-01-02 14:14:31,7.2,1270,4
3680,MU5408,,12:45:00,15:25:00,2018-01-03 13:35:41,6.3,1100,3
3721,MU5408,,12:45:00,15:25:00,2018-01-04 13:57:51,7.2,1260,2
3768,MU5408,,12:45:00,15:25:00,2018-01-05 14:21:38,7.2,1260,1
3814,MU5408,,12:45:00,15:25:00,2018-01-06 14:19:02,7.2,1260,0
38,MU5410,,14:15:00,17:05:00,2017-11-23 14:08:55,6.4,1130,44
49,MU5410,,14:15:00,17:05:00,2017-11-23 14:08:58,6.4,1130,44
96,MU5410,,14:15:00,17:05:00,2017-11-24 14:22:17,6.4,1130,43
176,MU5410,,14:15:00,17:05:00,2017-11-24 14:22:30,6.4,1130,43
184,MU5410,,14:15:00,17:05:00,2017-11-25 14:17:54,6.4,1130,42
239,MU5410,,14:15:00,17:05:00,2017-11-25 14:17:56,6.4,1130,42
311,MU5410,,14:15:00,17:05:00,2017-11-26 14:23:55,6.4,1130,41
358,MU5410,,14:15:00,17:05:00,2017-11-26 14:23:56,6.4,1130,41
385,MU5410,,14:15:00,17:05:00,2017-11-27 14:05:44,6.4,1130,40
406,MU5410,,14:15:00,17:05:00,2017-11-27 14:05:46,6.4,1130,40
481,MU5410,,14:15:00,17:05:00,2017-11-28 14:11:00,6.4,1130,39
560,MU5410,,14:15:00,17:05:00,2017-11-29 14:16:56,6.4,1130,38
612,MU5410,,14:15:00,17:05:00,2017-11-29 14:17:01,6.4,1130,38
634,MU5410,,14:15:00,17:05:00,2017-11-30 14:27:23,6.4,1130,37
732,MU5410,,14:15:00,17:05:00,2017-12-01 14:07:21,6.4,1130,36
779,MU5410,,14:15:00,17:05:00,2017-12-01 14:07:22,6.4,1130,36
851,MU5410,,14:15:00,17:05:00,2017-12-02 14:00:57,6.4,1130,35
894,MU5410,,14:15:00,17:05:00,2017-12-02 14:00:58,6.4,1130,35
932,MU5410,,14:15:00,17:05:00,2017-12-03 13:58:12,6.3,1110,34
991,MU5410,,14:15:00,17:05:00,2017-12-04 13:57:56,6.4,1130,33
1036,MU5410,,14:15:00,17:05:00,2017-12-04 13:57:57,6.4,1130,33
1080,MU5410,,14:15:00,17:05:00,2017-12-05 14:22:49,6.4,1130,32
1129,MU5410,,14:15:00,17:05:00,2017-12-05 14:22:50,6.4,1130,32
1194,MU5410,,14:15:00,17:05:00,2017-12-06 14:01:02,6.4,1130,31
1256,MU5410,,14:15:00,17:05:00,2017-12-06 14:01:03,6.4,1130,31
1264,MU5410,,14:15:00,17:05:00,2017-12-07 14:19:51,6.4,1130,30
1347,MU5410,,14:15:00,17:05:00,2017-12-07 14:19:52,6.4,1130,30
1357,MU5410,,14:15:00,17:05:00,2017-12-08 14:24:05,6.4,1130,29
1452,MU5410,,14:15:00,17:05:00,2017-12-09 14:04:55,6.4,1130,28
1489,MU5410,,14:15:00,17:05:00,2017-12-09 14:04:59,6.4,1130,28
1571,MU5410,,14:15:00,17:05:00,2017-12-10 14:03:23,6.4,1130,27
1600,MU5410,,14:15:00,17:05:00,2017-12-10 14:03:24,6.4,1130,27
1621,MU5410,,14:15:00,17:05:00,2017-12-11 14:27:59,6.3,1110,26
1667,MU5410,,14:15:00,17:05:00,2017-12-11 14:28:01,6.3,1110,26
1749,MU5410,,14:15:00,17:05:00,2017-12-12 13:59:02,6.4,1130,25
1792,MU5410,,14:15:00,17:05:00,2017-12-12 13:59:03,6.4,1130,25
1804,MU5410,,14:15:00,17:05:00,2017-12-13 14:07:51,6.4,1130,24
1850,MU5410,,14:15:00,17:05:00,2017-12-13 14:07:52,6.4,1130,24
1969,MU5410,,14:15:00,17:05:00,2017-12-14 14:16:52,7.4,1300,23
1987,MU5410,,14:15:00,17:05:00,2017-12-15 14:11:46,7.4,1300,22
2062,MU5410,,14:15:00,17:05:00,2017-12-15 14:11:56,7.4,1300,22
2104,MU5410,,14:15:00,17:05:00,2017-12-16 14:02:27,7.4,1300,21
2157,MU5410,,14:15:00,17:05:00,2017-12-17 14:13:03,7.4,1300,20
2242,MU5410,,14:15:00,17:05:00,2017-12-17 14:13:04,7.4,1300,20
2253,MU5410,,14:15:00,17:05:00,2017-12-18 14:12:04,7.2,1260,19
2378,MU5410,,14:15:00,17:05:00,2017-12-19 14:21:17,7.0,1230,18
2471,MU5410,,14:15:00,17:05:00,2017-12-20 14:09:48,8.2,1440,17
2479,MU5410,,14:15:00,17:05:00,2017-12-21 14:08:59,8.2,1440,16
2525,MU5410,,14:15:00,17:05:00,2017-12-21 14:09:02,8.2,1440,16
2568,MU5410,,14:15:00,17:05:00,2017-12-22 14:00:19,8.0,1400,15
2653,MU5410,,14:15:00,17:05:00,2017-12-22 14:00:20,8.0,1400,15
2698,MU5410,,14:15:00,17:05:00,2017-12-23 14:28:42,8.2,1440,14
2707,MU5410,,14:15:00,17:05:00,2017-12-23 14:28:45,8.2,1440,14
2749,MU5410,,14:15:00,17:05:00,2017-12-24 13:59:03,7.2,1260,13
2795,MU5410,,14:15:00,17:05:00,2017-12-24 13:59:08,7.2,1260,13
2845,MU5410,,14:15:00,17:05:00,2017-12-25 14:15:17,7.2,1260,12
2936,MU5410,,14:15:00,17:05:00,2017-12-26 14:17:08,7.2,1260,11
3027,MU5410,,14:15:00,17:05:00,2017-12-27 14:09:22,7.2,1260,10
3112,MU5410,,14:15:00,17:05:00,2017-12-27 14:09:27,7.2,1260,10
3158,MU5410,,14:15:00,17:05:00,2017-12-28 14:20:11,7.0,1230,9
3166,MU5410,,14:15:00,17:05:00,2017-12-28 14:20:12,7.0,1230,9
3250,MU5410,,14:15:00,17:05:00,2017-12-29 14:06:15,7.0,1230,8
3276,MU5410,,14:15:00,17:05:00,2017-12-29 14:06:16,7.0,1230,8
3342,MU5410,,14:15:00,17:05:00,2017-12-30 14:15:16,6.9,1220,7
3368,MU5410,,14:15:00,17:05:00,2017-12-30 14:15:17,6.9,1220,7
3420,MU5410,,14:15:00,17:05:00,2017-12-31 13:56:17,6.9,1220,6
3526,MU5410,,14:15:00,17:05:00,2018-01-01 13:57:10,6.9,1220,5
3587,MU5410,,14:15:00,17:05:00,2018-01-02 14:14:30,7.2,1270,4
3629,MU5410,,14:15:00,17:05:00,2018-01-02 14:14:31,7.2,1270,4
3675,MU5410,,14:15:00,17:05:00,2018-01-03 13:35:41,7.2,1260,3
3716,MU5410,,14:15:00,17:05:00,2018-01-04 13:57:51,7.2,1260,2
3763,MU5410,,14:15:00,17:05:00,2018-01-05 14:21:38,7.2,1260,1
3809,MU5410,,14:15:00,17:05:00,2018-01-06 14:19:02,7.2,1260,0
40,MU5412,,15:15:00,17:50:00,2017-11-23 14:08:55,7.4,1300,44
51,MU5412,,15:15:00,17:50:00,2017-11-23 14:08:58,7.4,1300,44
94,MU5412,,15:15:00,17:50:00,2017-11-24 14:22:17,7.4,1300,43
174,MU5412,,15:15:00,17:50:00,2017-11-24 14:22:30,7.4,1300,43
186,MU5412,,15:15:00,17:50:00,2017-11-25 14:17:54,7.4,1300,42
241,MU5412,,15:15:00,17:50:00,2017-11-25 14:17:56,7.4,1300,42
309,MU5412,,15:15:00,17:50:00,2017-11-26 14:23:55,7.4,1300,41
335,MU5412,,15:15:00,17:50:00,2017-11-26 14:23:56,7.4,1300,41
387,MU5412,,15:15:00,17:50:00,2017-11-27 14:05:44,7.4,1300,40
449,MU5412,,15:15:00,17:50:00,2017-11-27 14:05:46,7.4,1300,40
479,MU5412,,15:15:00,17:50:00,2017-11-28 14:11:00,7.4,1300,39
558,MU5412,,15:15:00,17:50:00,2017-11-29 14:16:56,7.4,1300,38
614,MU5412,,15:15:00,17:50:00,2017-11-29 14:17:01,7.4,1300,38
636,MU5412,,15:15:00,17:50:00,2017-11-30 14:27:23,7.4,1300,37
730,MU5412,,15:15:00,17:50:00,2017-12-01 14:07:21,7.4,1300,36
765,MU5412,,15:15:00,17:50:00,2017-12-01 14:07:22,7.4,1300,36
849,MU5412,,15:15:00,17:50:00,2017-12-02 14:00:57,7.4,1300,35
892,MU5412,,15:15:00,17:50:00,2017-12-02 14:00:58,7.4,1300,35
905,MU5412,,15:15:00,17:50:00,2017-12-03 13:58:12,7.2,1270,34
1034,MU5412,,15:15:00,17:50:00,2017-12-04 13:57:56,7.4,1300,33
1042,MU5412,,15:15:00,17:50:00,2017-12-04 13:57:57,7.4,1300,33
1123,MU5412,,15:15:00,17:50:00,2017-12-05 14:22:49,7.4,1300,32
1134,MU5412,,15:15:00,17:50:00,2017-12-05 14:22:50,7.4,1300,32
1192,MU5412,,15:15:00,17:50:00,2017-12-06 14:01:02,7.4,1300,31
1254,MU5412,,15:15:00,17:50:00,2017-12-06 14:01:03,7.4,1300,31
1266,MU5412,,15:15:00,17:50:00,2017-12-07 14:19:51,7.4,1300,30
1345,MU5412,,15:15:00,17:50:00,2017-12-07 14:19:52,7.4,1300,30
1359,MU5412,,15:15:00,17:50:00,2017-12-08 14:24:05,7.4,1300,29
1449,MU5412,,15:15:00,17:50:00,2017-12-09 14:04:55,7.4,1300,28
1491,MU5412,,15:15:00,17:50:00,2017-12-09 14:04:59,7.4,1300,28
1569,MU5412,,15:15:00,17:50:00,2017-12-10 14:03:23,7.4,1300,27
1609,MU5412,,15:15:00,17:50:00,2017-12-10 14:03:24,7.4,1300,27
1664,MU5412,,15:15:00,17:50:00,2017-12-11 14:27:59,8.2,1440,26
1669,MU5412,,15:15:00,17:50:00,2017-12-11 14:28:01,8.2,1440,26
1747,MU5412,,15:15:00,17:50:00,2017-12-12 13:59:02,8.4,1480,25
1790,MU5412,,15:15:00,17:50:00,2017-12-12 13:59:03,8.4,1480,25
1797,MU5412,,15:15:00,17:50:00,2017-12-13 14:07:51,8.4,1480,24
1848,MU5412,,15:15:00,17:50:00,2017-12-13 14:07:52,8.4,1480,24
1967,MU5412,,15:15:00,17:50:00,2017-12-14 14:16:52,8.4,1480,23
1985,MU5412,,15:15:00,17:50:00,2017-12-15 14:11:46,8.4,1480,22
2060,MU5412,,15:15:00,17:50:00,2017-12-15 14:11:56,8.4,1480,22
2102,MU5412,,15:15:00,17:50:00,2017-12-16 14:02:27,8.4,1480,21
2161,MU5412,,15:15:00,17:50:00,2017-12-17 14:13:03,8.4,1480,20
2240,MU5412,,15:15:00,17:50:00,2017-12-17 14:13:04,8.4,1480,20
2255,MU5412,,15:15:00,17:50:00,2017-12-18 14:12:04,8.2,1440,19
2376,MU5412,,15:15:00,17:50:00,2017-12-19 14:21:17,8.0,1400,18
2469,MU5412,,15:15:00,17:50:00,2017-12-20 14:09:48,8.2,1440,17
2481,MU5412,,15:15:00,17:50:00,2017-12-21 14:08:59,8.2,1440,16
2527,MU5412,,15:15:00,17:50:00,2017-12-21 14:09:02,8.2,1440,16
2570,MU5412,,15:15:00,17:50:00,2017-12-22 14:00:19,8.0,1400,15
2651,MU5412,,15:15:00,17:50:00,2017-12-22 14:00:20,8.0,1400,15
2696,MU5412,,15:15:00,17:50:00,2017-12-23 14:28:42,8.2,1440,14
2742,MU5412,,15:15:00,17:50:00,2017-12-23 14:28:45,8.2,1440,14
2793,MU5412,,15:15:00,17:50:00,2017-12-24 13:59:03,8.2,1440,13
2800,MU5412,,15:15:00,17:50:00,2017-12-24 13:59:08,8.2,1440,13
2847,MU5412,,15:15:00,17:50:00,2017-12-25 14:15:17,8.2,1440,12
2938,MU5412,,15:15:00,17:50:00,2017-12-26 14:17:08,8.2,1440,11
3029,MU5412,,15:15:00,17:50:00,2017-12-27 14:09:22,8.2,1440,10
3070,MU5412,,15:15:00,17:50:00,2017-12-27 14:09:27,8.2,1440,10
3156,MU5412,,15:15:00,17:50:00,2017-12-28 14:20:11,8.0,1400,9
3168,MU5412,,15:15:00,17:50:00,2017-12-28 14:20:12,8.0,1400,9
3248,MU5412,,15:15:00,17:50:00,2017-12-29 14:06:15,8.0,1400,8
3257,MU5412,,15:15:00,17:50:00,2017-12-29 14:06:16,8.0,1400,8
3340,MU5412,,15:15:00,17:50:00,2017-12-30 14:15:16,7.9,1390,7
3366,MU5412,,15:15:00,17:50:00,2017-12-30 14:15:17,7.9,1390,7
3418,MU5412,,15:15:00,17:50:00,2017-12-31 13:56:17,7.9,1390,6
3524,MU5412,,15:15:00,17:50:00,2018-01-01 13:57:10,7.9,1390,5
3589,MU5412,,15:15:00,17:50:00,2018-01-02 14:14:30,8.2,1450,4
3631,MU5412,,15:15:00,17:50:00,2018-01-02 14:14:31,8.2,1450,4
3677,MU5412,,15:15:00,17:50:00,2018-01-03 13:35:41,8.2,1440,3
3718,MU5412,,15:15:00,17:50:00,2018-01-04 13:57:51,8.2,1440,2
3765,MU5412,,15:15:00,17:50:00,2018-01-05 14:21:38,8.2,1440,1
3811,MU5412,,15:15:00,17:50:00,2018-01-06 14:19:02,7.2,1260,0
3854,MU5412,,15:15:00,17:50:00,2018-01-07 14:04:27,8.4,1480,0
0,MU9404,FM9404,19:40:00,22:35:00,2017-11-23 14:08:55,6.4,1130,44
79,MU9404,FM9404,19:40:00,22:35:00,2017-11-23 14:08:58,6.4,1130,44
134,MU9404,FM9404,19:40:00,22:35:00,2017-11-24 14:22:17,6.4,1130,43
136,MU9404,FM9404,19:40:00,22:35:00,2017-11-24 14:22:30,6.4,1130,43
214,MU9404,FM9404,19:40:00,22:35:00,2017-11-25 14:17:54,6.4,1130,42
269,MU9404,FM9404,19:40:00,22:35:00,2017-11-25 14:17:56,6.4,1130,42
282,MU9404,FM9404,19:40:00,22:35:00,2017-11-26 14:23:55,6.4,1130,41
326,MU9404,FM9404,19:40:00,22:35:00,2017-11-26 14:23:56,6.4,1130,41
370,MU9404,FM9404,19:40:00,22:35:00,2017-11-27 14:05:44,6.4,1130,40
416,MU9404,FM9404,19:40:00,22:35:00,2017-11-27 14:05:46,6.4,1130,40
451,MU9404,FM9404,19:40:00,22:35:00,2017-11-28 14:11:00,6.4,1130,39
568,MU9404,FM9404,19:40:00,22:35:00,2017-11-29 14:16:56,6.4,1130,38
598,MU9404,FM9404,19:40:00,22:35:00,2017-11-29 14:17:01,6.4,1130,38
664,MU9404,FM9404,19:40:00,22:35:00,2017-11-30 14:27:23,6.4,1130,37
763,MU9404,FM9404,19:40:00,22:35:00,2017-12-01 14:07:21,6.4,1130,36
781,MU9404,FM9404,19:40:00,22:35:00,2017-12-01 14:07:22,6.4,1130,36
821,MU9404,FM9404,19:40:00,22:35:00,2017-12-02 14:00:57,6.4,1130,35
856,MU9404,FM9404,19:40:00,22:35:00,2017-12-02 14:00:58,6.4,1130,35
937,MU9404,FM9404,19:40:00,22:35:00,2017-12-03 13:58:12,6.4,1130,34
1006,MU9404,FM9404,19:40:00,22:35:00,2017-12-04 13:57:56,7.4,1300,33
1070,MU9404,FM9404,19:40:00,22:35:00,2017-12-04 13:57:57,7.4,1300,33
1090,MU9404,FM9404,19:40:00,22:35:00,2017-12-05 14:22:49,7.4,1300,32
1146,MU9404,FM9404,19:40:00,22:35:00,2017-12-05 14:22:50,7.4,1300,32
1171,MU9404,FM9404,19:40:00,22:35:00,2017-12-06 14:01:02,7.4,1300,31
1227,MU9404,FM9404,19:40:00,22:35:00,2017-12-06 14:01:03,7.4,1300,31
1293,MU9404,FM9404,19:40:00,22:35:00,2017-12-07 14:19:51,7.4,1300,30
1327,MU9404,FM9404,19:40:00,22:35:00,2017-12-07 14:19:52,7.4,1300,30
1387,MU9404,FM9404,19:40:00,22:35:00,2017-12-08 14:24:05,7.4,1300,29
1459,MU9404,FM9404,19:40:00,22:35:00,2017-12-09 14:04:55,7.4,1300,28
1485,MU9404,FM9404,19:40:00,22:35:00,2017-12-09 14:04:59,7.4,1300,28
1545,MU9404,FM9404,19:40:00,22:35:00,2017-12-10 14:03:23,7.4,1300,27
1604,MU9404,FM9404,19:40:00,22:35:00,2017-12-10 14:03:24,7.4,1300,27
1642,MU9404,FM9404,19:40:00,22:35:00,2017-12-11 14:27:59,7.4,1300,26
1697,MU9404,FM9404,19:40:00,22:35:00,2017-12-11 14:28:01,7.4,1300,26
1720,MU9404,FM9404,19:40:00,22:35:00,2017-12-12 13:59:02,7.2,1270,25
1762,MU9404,FM9404,19:40:00,22:35:00,2017-12-12 13:59:03,7.2,1270,25
1829,MU9404,FM9404,19:40:00,22:35:00,2017-12-13 14:07:51,7.4,1300,24
1873,MU9404,FM9404,19:40:00,22:35:00,2017-12-13 14:07:52,7.4,1300,24
1900,MU9404,FM9404,19:40:00,22:35:00,2017-12-14 14:16:52,8.4,1480,23
2010,MU9404,FM9404,19:40:00,22:35:00,2017-12-15 14:11:46,8.4,1480,22
2033,MU9404,FM9404,19:40:00,22:35:00,2017-12-15 14:11:56,8.4,1480,22
2074,MU9404,FM9404,19:40:00,22:35:00,2017-12-16 14:02:27,8.4,1480,21
2173,MU9404,FM9404,19:40:00,22:35:00,2017-12-17 14:13:03,8.4,1480,20
2213,MU9404,FM9404,19:40:00,22:35:00,2017-12-17 14:13:04,8.4,1480,20
2283,MU9404,FM9404,19:40:00,22:35:00,2017-12-18 14:12:04,8.2,1440,19
2348,MU9404,FM9404,19:40:00,22:35:00,2017-12-19 14:21:17,8.0,1400,18
2440,MU9404,FM9404,19:40:00,22:35:00,2017-12-20 14:09:48,8.2,1440,17
2510,MU9404,FM9404,19:40:00,22:35:00,2017-12-21 14:08:59,8.2,1440,16
2556,MU9404,FM9404,19:40:00,22:35:00,2017-12-21 14:09:02,8.2,1440,16
2598,MU9404,FM9404,19:40:00,22:35:00,2017-12-22 14:00:19,8.2,1440,15
2622,MU9404,FM9404,19:40:00,22:35:00,2017-12-22 14:00:20,8.2,1440,15
2668,MU9404,FM9404,19:40:00,22:35:00,2017-12-23 14:28:42,8.2,1440,14
2723,MU9404,FM9404,19:40:00,22:35:00,2017-12-23 14:28:45,8.2,1440,14
2764,MU9404,FM9404,19:40:00,22:35:00,2017-12-24 13:59:03,8.2,1440,13
2829,MU9404,FM9404,19:40:00,22:35:00,2017-12-24 13:59:08,8.2,1440,13
2876,MU9404,FM9404,19:40:00,22:35:00,2017-12-25 14:15:17,8.2,1440,12
2967,MU9404,FM9404,19:40:00,22:35:00,2017-12-26 14:17:08,8.2,1440,11
3058,MU9404,FM9404,19:40:00,22:35:00,2017-12-27 14:09:22,8.0,1400,10
3082,MU9404,FM9404,19:40:00,22:35:00,2017-12-27 14:09:27,8.0,1400,10
3127,MU9404,FM9404,19:40:00,22:35:00,2017-12-28 14:20:11,8.0,1400,9
3197,MU9404,FM9404,19:40:00,22:35:00,2017-12-28 14:20:12,8.0,1400,9
3220,MU9404,FM9404,19:40:00,22:35:00,2017-12-29 14:06:15,8.0,1400,8
3270,MU9404,FM9404,19:40:00,22:35:00,2017-12-29 14:06:16,8.0,1400,8
3312,MU9404,FM9404,19:40:00,22:35:00,2017-12-30 14:15:16,7.9,1390,7
3383,MU9404,FM9404,19:40:00,22:35:00,2017-12-30 14:15:17,7.9,1390,7
3396,MU9404,FM9404,19:40:00,22:35:00,2017-12-31 13:56:17,7.9,1390,6
3496,MU9404,FM9404,19:40:00,22:35:00,2018-01-01 13:57:10,6.9,1220,5
3618,MU9404,FM9404,19:40:00,22:35:00,2018-01-02 14:14:30,7.2,1260,4
3660,MU9404,FM9404,19:40:00,22:35:00,2018-01-02 14:14:31,7.2,1260,4
3705,MU9404,FM9404,19:40:00,22:35:00,2018-01-03 13:35:41,7.2,1260,3
3747,MU9404,FM9404,19:40:00,22:35:00,2018-01-04 13:57:51,8.2,1440,2
3794,MU9404,FM9404,19:40:00,22:35:00,2018-01-05 14:21:38,8.2,1440,1
3838,MU9404,FM9404,19:40:00,22:35:00,2018-01-06 14:19:02,7.0,1230,0
3855,MU9404,FM9404,19:40:00,22:35:00,2018-01-07 14:04:27,9.9,1740,0
21,MU9550,FM9550,20:50:00,23:30:00,2017-11-23 14:08:55,5.4,950,44
58,MU9550,FM9550,20:50:00,23:30:00,2017-11-23 14:08:58,5.4,950,44
120,MU9550,FM9550,20:50:00,23:30:00,2017-11-24 14:22:17,5.4,950,43
167,MU9550,FM9550,20:50:00,23:30:00,2017-11-24 14:22:30,5.4,950,43
193,MU9550,FM9550,20:50:00,23:30:00,2017-11-25 14:17:54,5.4,950,42
248,MU9550,FM9550,20:50:00,23:30:00,2017-11-25 14:17:56,5.4,950,42
302,MU9550,FM9550,20:50:00,23:30:00,2017-11-26 14:23:55,5.4,950,41
342,MU9550,FM9550,20:50:00,23:30:00,2017-11-26 14:23:56,5.4,950,41
394,MU9550,FM9550,20:50:00,23:30:00,2017-11-27 14:05:44,5.4,950,40
442,MU9550,FM9550,20:50:00,23:30:00,2017-11-27 14:05:46,5.4,950,40
472,MU9550,FM9550,20:50:00,23:30:00,2017-11-28 14:11:00,5.4,950,39
551,MU9550,FM9550,20:50:00,23:30:00,2017-11-29 14:16:56,5.4,950,38
622,MU9550,FM9550,20:50:00,23:30:00,2017-11-29 14:17:01,5.4,950,38
643,MU9550,FM9550,20:50:00,23:30:00,2017-11-30 14:27:23,5.4,950,37
742,MU9550,FM9550,20:50:00,23:30:00,2017-12-01 14:07:21,5.4,950,36
802,MU9550,FM9550,20:50:00,23:30:00,2017-12-01 14:07:22,5.4,950,36
842,MU9550,FM9550,20:50:00,23:30:00,2017-12-02 14:00:57,5.4,950,35
885,MU9550,FM9550,20:50:00,23:30:00,2017-12-02 14:00:58,5.4,950,35
912,MU9550,FM9550,20:50:00,23:30:00,2017-12-03 13:58:12,5.4,950,34
1027,MU9550,FM9550,20:50:00,23:30:00,2017-12-04 13:57:56,5.4,950,33
1049,MU9550,FM9550,20:50:00,23:30:00,2017-12-04 13:57:57,5.4,950,33
1118,MU9550,FM9550,20:50:00,23:30:00,2017-12-05 14:22:49,5.4,950,32
1167,MU9550,FM9550,20:50:00,23:30:00,2017-12-05 14:22:50,5.4,950,32
1191,MU9550,FM9550,20:50:00,23:30:00,2017-12-06 14:01:02,5.4,950,31
1248,MU9550,FM9550,20:50:00,23:30:00,2017-12-06 14:01:03,5.4,950,31
1273,MU9550,FM9550,20:50:00,23:30:00,2017-12-07 14:19:51,5.4,950,30
1348,MU9550,FM9550,20:50:00,23:30:00,2017-12-07 14:19:52,5.4,950,30
1366,MU9550,FM9550,20:50:00,23:30:00,2017-12-08 14:24:05,5.4,950,29
1440,MU9550,FM9550,20:50:00,23:30:00,2017-12-09 14:04:55,5.4,950,28
1498,MU9550,FM9550,20:50:00,23:30:00,2017-12-09 14:04:59,5.4,950,28
1533,MU9550,FM9550,20:50:00,23:30:00,2017-12-10 14:03:23,5.4,950,27
1616,MU9550,FM9550,20:50:00,23:30:00,2017-12-10 14:03:24,5.4,950,27
1657,MU9550,FM9550,20:50:00,23:30:00,2017-12-11 14:27:59,3.5,620,26
1676,MU9550,FM9550,20:50:00,23:30:00,2017-12-11 14:28:01,3.5,620,26
1740,MU9550,FM9550,20:50:00,23:30:00,2017-12-12 13:59:02,2.8,490,25
1782,MU9550,FM9550,20:50:00,23:30:00,2017-12-12 13:59:03,2.8,490,25
1808,MU9550,FM9550,20:50:00,23:30:00,2017-12-13 14:07:51,3.8,670,24
1883,MU9550,FM9550,20:50:00,23:30:00,2017-12-13 14:07:52,3.8,670,24
1921,MU9550,FM9550,20:50:00,23:30:00,2017-12-14 14:16:52,5.4,950,23
1978,MU9550,FM9550,20:50:00,23:30:00,2017-12-15 14:11:46,5.4,950,22
2053,MU9550,FM9550,20:50:00,23:30:00,2017-12-15 14:11:56,5.4,950,22
2095,MU9550,FM9550,20:50:00,23:30:00,2017-12-16 14:02:27,5.4,950,21
2194,MU9550,FM9550,20:50:00,23:30:00,2017-12-17 14:13:03,5.4,950,20
2233,MU9550,FM9550,20:50:00,23:30:00,2017-12-17 14:13:04,5.4,950,20
2262,MU9550,FM9550,20:50:00,23:30:00,2017-12-18 14:12:04,5.0,880,19
2369,MU9550,FM9550,20:50:00,23:30:00,2017-12-19 14:21:17,4.9,860,18
2462,MU9550,FM9550,20:50:00,23:30:00,2017-12-20 14:09:48,5.0,880,17
2488,MU9550,FM9550,20:50:00,23:30:00,2017-12-21 14:08:59,5.0,880,16
2534,MU9550,FM9550,20:50:00,23:30:00,2017-12-21 14:09:02,5.0,880,16
2577,MU9550,FM9550,20:50:00,23:30:00,2017-12-22 14:00:19,5.0,880,15
2644,MU9550,FM9550,20:50:00,23:30:00,2017-12-22 14:00:20,5.0,880,15
2690,MU9550,FM9550,20:50:00,23:30:00,2017-12-23 14:28:42,5.0,880,14
2747,MU9550,FM9550,20:50:00,23:30:00,2017-12-23 14:28:45,5.0,880,14
2786,MU9550,FM9550,20:50:00,23:30:00,2017-12-24 13:59:03,5.0,880,13
2807,MU9550,FM9550,20:50:00,23:30:00,2017-12-24 13:59:08,5.0,880,13
2854,MU9550,FM9550,20:50:00,23:30:00,2017-12-25 14:15:17,5.0,880,12
2945,MU9550,FM9550,20:50:00,23:30:00,2017-12-26 14:17:08,6.0,1050,11
3036,MU9550,FM9550,20:50:00,23:30:00,2017-12-27 14:09:22,5.9,1030,10
3104,MU9550,FM9550,20:50:00,23:30:00,2017-12-27 14:09:27,5.9,1030,10
3149,MU9550,FM9550,20:50:00,23:30:00,2017-12-28 14:20:11,7.6,1340,9
3175,MU9550,FM9550,20:50:00,23:30:00,2017-12-28 14:20:12,7.6,1340,9
3241,MU9550,FM9550,20:50:00,23:30:00,2017-12-29 14:06:15,7.6,1340,8
3294,MU9550,FM9550,20:50:00,23:30:00,2017-12-29 14:06:16,7.6,1340,8
3333,MU9550,FM9550,20:50:00,23:30:00,2017-12-30 14:15:16,7.8,1380,7
3359,MU9550,FM9550,20:50:00,23:30:00,2017-12-30 14:15:17,7.8,1380,7
3458,MU9550,FM9550,20:50:00,23:30:00,2017-12-31 13:56:17,7.8,1380,6
3517,MU9550,FM9550,20:50:00,23:30:00,2018-01-01 13:57:10,7.8,1380,5
3596,MU9550,FM9550,20:50:00,23:30:00,2018-01-02 14:14:30,6.9,1210,4
3638,MU9550,FM9550,20:50:00,23:30:00,2018-01-02 14:14:31,6.9,1210,4
3684,MU9550,FM9550,20:50:00,23:30:00,2018-01-03 13:35:41,6.9,1210,3
3725,MU9550,FM9550,20:50:00,23:30:00,2018-01-04 13:57:51,7.8,1380,2
3772,MU9550,FM9550,20:50:00,23:30:00,2018-01-05 14:21:38,7.8,1380,1
3825,MU9550,FM9550,20:50:00,23:30:00,2018-01-06 14:19:02,7.6,1340,0
3858,MU9550,FM9550,20:50:00,23:30:00,2018-01-07 14:04:27,9.9,1740,0
34,SC9865,TV9865,12:55:00,15:35:00,2017-11-23 14:08:55,9.6,1687,44
80,SC9865,TV9865,12:55:00,15:35:00,2017-11-23 14:08:58,9.6,1687,44
133,SC9865,TV9865,12:55:00,15:35:00,2017-11-24 14:22:17,9.5,1674,43
135,SC9865,TV9865,12:55:00,15:35:00,2017-11-24 14:22:30,9.5,1674,43
215,SC9865,TV9865,12:55:00,15:35:00,2017-11-25 14:17:54,9.6,1687,42
231,SC9865,TV9865,12:55:00,15:35:00,2017-11-25 14:17:56,9.6,1687,42
281,SC9865,TV9865,12:55:00,15:35:00,2017-11-26 14:23:55,9.3,1642,41
325,SC9865,TV9865,12:55:00,15:35:00,2017-11-26 14:23:56,9.3,1642,41
371,SC9865,TV9865,12:55:00,15:35:00,2017-11-27 14:05:44,9.3,1642,40
415,SC9865,TV9865,12:55:00,15:35:00,2017-11-27 14:05:46,9.3,1642,40
485,SC9865,TV9865,12:55:00,15:35:00,2017-11-28 14:11:00,9.3,1642,39
567,SC9865,TV9865,12:55:00,15:35:00,2017-11-29 14:16:56,9.3,1642,38
599,SC9865,TV9865,12:55:00,15:35:00,2017-11-29 14:17:01,9.3,1642,38
665,SC9865,TV9865,12:55:00,15:35:00,2017-11-30 14:27:23,9.5,1674,37
764,SC9865,TV9865,12:55:00,15:35:00,2017-12-01 14:07:21,9.5,1674,36
780,SC9865,TV9865,12:55:00,15:35:00,2017-12-01 14:07:22,9.5,1674,36
820,SC9865,TV9865,12:55:00,15:35:00,2017-12-02 14:00:57,9.5,1674,35
855,SC9865,TV9865,12:55:00,15:35:00,2017-12-02 14:00:58,9.5,1674,35
938,SC9865,TV9865,12:55:00,15:35:00,2017-12-03 13:58:12,9.6,1687,34
1005,SC9865,TV9865,12:55:00,15:35:00,2017-12-04 13:57:56,9.8,1723,33
1071,SC9865,TV9865,12:55:00,15:35:00,2017-12-04 13:57:57,9.8,1723,33
1091,SC9865,TV9865,12:55:00,15:35:00,2017-12-05 14:22:49,6.8,1204,32
1145,SC9865,TV9865,12:55:00,15:35:00,2017-12-05 14:22:50,6.8,1204,32
1172,SC9865,TV9865,12:55:00,15:35:00,2017-12-06 14:01:02,6.9,1211,31
1226,SC9865,TV9865,12:55:00,15:35:00,2017-12-06 14:01:03,6.9,1211,31
1294,SC9865,TV9865,12:55:00,15:35:00,2017-12-07 14:19:51,6.9,1211,30
1328,SC9865,TV9865,12:55:00,15:35:00,2017-12-07 14:19:52,6.9,1211,30
1388,SC9865,TV9865,12:55:00,15:35:00,2017-12-08 14:24:05,6.9,1210,29
1460,SC9865,TV9865,12:55:00,15:35:00,2017-12-09 14:04:55,6.6,1153,28
1525,SC9865,TV9865,12:55:00,15:35:00,2017-12-09 14:04:59,6.6,1153,28
1544,SC9865,TV9865,12:55:00,15:35:00,2017-12-10 14:03:23,6.6,1153,27
1605,SC9865,TV9865,12:55:00,15:35:00,2017-12-10 14:03:24,6.6,1153,27
1643,SC9865,TV9865,12:55:00,15:35:00,2017-12-11 14:27:59,4.7,828,26
1698,SC9865,TV9865,12:55:00,15:35:00,2017-12-11 14:28:01,4.7,828,26
1830,SC9865,TV9865,12:55:00,15:35:00,2017-12-13 14:07:51,4.7,828,24
1874,SC9865,TV9865,12:55:00,15:35:00,2017-12-13 14:07:52,4.7,828,24
1899,SC9865,TV9865,12:55:00,15:35:00,2017-12-14 14:16:52,4.7,828,23
2009,SC9865,TV9865,12:55:00,15:35:00,2017-12-15 14:11:46,4.9,865,22
2032,SC9865,TV9865,12:55:00,15:35:00,2017-12-15 14:11:56,4.9,865,22
2073,SC9865,TV9865,12:55:00,15:35:00,2017-12-16 14:02:27,4.7,823,21
2172,SC9865,TV9865,12:55:00,15:35:00,2017-12-17 14:13:03,4.7,823,20
2212,SC9865,TV9865,12:55:00,15:35:00,2017-12-17 14:13:04,4.7,823,20
2284,SC9865,TV9865,12:55:00,15:35:00,2017-12-18 14:12:04,4.7,823,19
2347,SC9865,TV9865,12:55:00,15:35:00,2017-12-19 14:21:17,4.7,823,18
2439,SC9865,TV9865,12:55:00,15:35:00,2017-12-20 14:09:48,4.7,823,17
2511,SC9865,TV9865,12:55:00,15:35:00,2017-12-21 14:08:59,4.7,823,16
2557,SC9865,TV9865,12:55:00,15:35:00,2017-12-21 14:09:02,4.7,823,16
2599,SC9865,TV9865,12:55:00,15:35:00,2017-12-22 14:00:19,4.7,823,15
2621,SC9865,TV9865,12:55:00,15:35:00,2017-12-22 14:00:20,4.7,823,15
2667,SC9865,TV9865,12:55:00,15:35:00,2017-12-23 14:28:42,4.7,823,14
2722,SC9865,TV9865,12:55:00,15:35:00,2017-12-23 14:28:45,4.7,823,14
2763,SC9865,TV9865,12:55:00,15:35:00,2017-12-24 13:59:03,4.7,819,13
2830,SC9865,TV9865,12:55:00,15:35:00,2017-12-24 13:59:08,4.7,819,13
2877,SC9865,TV9865,12:55:00,15:35:00,2017-12-25 14:15:17,4.8,840,12
2968,SC9865,TV9865,12:55:00,15:35:00,2017-12-26 14:17:08,4.7,822,11
3059,SC9865,TV9865,12:55:00,15:35:00,2017-12-27 14:09:22,4.7,820,10
3081,SC9865,TV9865,12:55:00,15:35:00,2017-12-27 14:09:27,4.7,820,10
3126,SC9865,TV9865,12:55:00,15:35:00,2017-12-28 14:20:11,4.8,839,9
3198,SC9865,TV9865,12:55:00,15:35:00,2017-12-28 14:20:12,4.8,839,9
3219,SC9865,TV9865,12:55:00,15:35:00,2017-12-29 14:06:15,4.7,822,8
3269,SC9865,TV9865,12:55:00,15:35:00,2017-12-29 14:06:16,4.7,822,8
3311,SC9865,TV9865,12:55:00,15:35:00,2017-12-30 14:15:16,4.7,819,7
3382,SC9865,TV9865,12:55:00,15:35:00,2017-12-30 14:15:17,4.7,819,7
3395,SC9865,TV9865,12:55:00,15:35:00,2017-12-31 13:56:17,4.7,824,6
3495,SC9865,TV9865,12:55:00,15:35:00,2018-01-01 13:57:10,4.7,820,5
3619,SC9865,TV9865,12:55:00,15:35:00,2018-01-02 14:14:30,4.6,817,4
3661,SC9865,TV9865,12:55:00,15:35:00,2018-01-02 14:14:31,4.6,817,4
3706,SC9865,TV9865,12:55:00,15:35:00,2018-01-03 13:35:41,4.3,750,3
3748,SC9865,TV9865,12:55:00,15:35:00,2018-01-04 13:57:51,4.2,735,2
3795,SC9865,TV9865,12:55:00,15:35:00,2018-01-05 14:21:38,4.6,818,1
3839,SC9865,TV9865,12:55:00,15:35:00,2018-01-06 14:19:02,5.6,979,0
12,SC9881,TV9881,10:50:00,13:30:00,2017-11-23 14:08:55,9.6,1687,44
67,SC9881,TV9881,10:50:00,13:30:00,2017-11-23 14:08:58,9.6,1687,44
112,SC9881,TV9881,10:50:00,13:30:00,2017-11-24 14:22:17,9.5,1674,43
158,SC9881,TV9881,10:50:00,13:30:00,2017-11-24 14:22:30,9.5,1674,43
202,SC9881,TV9881,10:50:00,13:30:00,2017-11-25 14:17:54,9.6,1687,42
257,SC9881,TV9881,10:50:00,13:30:00,2017-11-25 14:17:56,9.6,1687,42
294,SC9881,TV9881,10:50:00,13:30:00,2017-11-26 14:23:55,9.3,1642,41
348,SC9881,TV9881,10:50:00,13:30:00,2017-11-26 14:23:56,9.3,1642,41
381,SC9881,TV9881,10:50:00,13:30:00,2017-11-27 14:05:44,9.3,1642,40
433,SC9881,TV9881,10:50:00,13:30:00,2017-11-27 14:05:46,9.3,1642,40
463,SC9881,TV9881,10:50:00,13:30:00,2017-11-28 14:11:00,9.3,1642,39
542,SC9881,TV9881,10:50:00,13:30:00,2017-11-29 14:16:56,9.3,1642,38
586,SC9881,TV9881,10:50:00,13:30:00,2017-11-29 14:17:01,9.3,1642,38
652,SC9881,TV9881,10:50:00,13:30:00,2017-11-30 14:27:23,9.5,1674,37
751,SC9881,TV9881,10:50:00,13:30:00,2017-12-01 14:07:21,9.4,1650,36
793,SC9881,TV9881,10:50:00,13:30:00,2017-12-01 14:07:22,9.4,1650,36
833,SC9881,TV9881,10:50:00,13:30:00,2017-12-02 14:00:57,9.4,1656,35
876,SC9881,TV9881,10:50:00,13:30:00,2017-12-02 14:00:58,9.4,1656,35
921,SC9881,TV9881,10:50:00,13:30:00,2017-12-03 13:58:12,9.6,1687,34
1018,SC9881,TV9881,10:50:00,13:30:00,2017-12-04 13:57:56,9.8,1723,33
1058,SC9881,TV9881,10:50:00,13:30:00,2017-12-04 13:57:57,9.8,1723,33
1109,SC9881,TV9881,10:50:00,13:30:00,2017-12-05 14:22:49,6.8,1204,32
1158,SC9881,TV9881,10:50:00,13:30:00,2017-12-05 14:22:50,6.8,1204,32
1204,SC9881,TV9881,10:50:00,13:30:00,2017-12-06 14:01:02,6.9,1211,31
1239,SC9881,TV9881,10:50:00,13:30:00,2017-12-06 14:01:03,6.9,1211,31
1282,SC9881,TV9881,10:50:00,13:30:00,2017-12-07 14:19:51,6.9,1211,30
1315,SC9881,TV9881,10:50:00,13:30:00,2017-12-07 14:19:52,6.9,1211,30
1375,SC9881,TV9881,10:50:00,13:30:00,2017-12-08 14:24:05,6.9,1210,29
1478,SC9881,TV9881,10:50:00,13:30:00,2017-12-09 14:04:55,6.6,1153,28
1507,SC9881,TV9881,10:50:00,13:30:00,2017-12-09 14:04:59,6.6,1153,28
1557,SC9881,TV9881,10:50:00,13:30:00,2017-12-10 14:03:23,6.6,1153,27
1580,SC9881,TV9881,10:50:00,13:30:00,2017-12-10 14:03:24,6.6,1153,27
1630,SC9881,TV9881,10:50:00,13:30:00,2017-12-11 14:27:59,4.7,828,26
1685,SC9881,TV9881,10:50:00,13:30:00,2017-12-11 14:28:01,4.7,828,26
1817,SC9881,TV9881,10:50:00,13:30:00,2017-12-13 14:07:51,4.7,828,24
1861,SC9881,TV9881,10:50:00,13:30:00,2017-12-13 14:07:52,4.7,828,24
1912,SC9881,TV9881,10:50:00,13:30:00,2017-12-14 14:16:52,4.7,828,23
1993,SC9881,TV9881,10:50:00,13:30:00,2017-12-15 14:11:46,4.9,865,22
2045,SC9881,TV9881,10:50:00,13:30:00,2017-12-15 14:11:56,4.9,865,22
2086,SC9881,TV9881,10:50:00,13:30:00,2017-12-16 14:02:27,4.7,823,21
2185,SC9881,TV9881,10:50:00,13:30:00,2017-12-17 14:13:03,4.7,823,20
2224,SC9881,TV9881,10:50:00,13:30:00,2017-12-17 14:13:04,4.7,823,20
2271,SC9881,TV9881,10:50:00,13:30:00,2017-12-18 14:12:04,4.7,823,19
2360,SC9881,TV9881,10:50:00,13:30:00,2017-12-19 14:21:17,4.7,823,18
2452,SC9881,TV9881,10:50:00,13:30:00,2017-12-20 14:09:48,4.7,823,17
2498,SC9881,TV9881,10:50:00,13:30:00,2017-12-21 14:08:59,4.7,823,16
2544,SC9881,TV9881,10:50:00,13:30:00,2017-12-21 14:09:02,4.7,823,16
2586,SC9881,TV9881,10:50:00,13:30:00,2017-12-22 14:00:19,4.7,823,15
2634,SC9881,TV9881,10:50:00,13:30:00,2017-12-22 14:00:20,4.7,823,15
2680,SC9881,TV9881,10:50:00,13:30:00,2017-12-23 14:28:42,4.7,823,14
2735,SC9881,TV9881,10:50:00,13:30:00,2017-12-23 14:28:45,4.7,823,14
2776,SC9881,TV9881,10:50:00,13:30:00,2017-12-24 13:59:03,4.7,819,13
2817,SC9881,TV9881,10:50:00,13:30:00,2017-12-24 13:59:08,4.7,819,13
2864,SC9881,TV9881,10:50:00,13:30:00,2017-12-25 14:15:17,4.8,840,12
2955,SC9881,TV9881,10:50:00,13:30:00,2017-12-26 14:17:08,4.7,822,11
3046,SC9881,TV9881,10:50:00,13:30:00,2017-12-27 14:09:22,4.7,820,10
3094,SC9881,TV9881,10:50:00,13:30:00,2017-12-27 14:09:27,4.7,820,10
3139,SC9881,TV9881,10:50:00,13:30:00,2017-12-28 14:20:11,4.8,839,9
3185,SC9881,TV9881,10:50:00,13:30:00,2017-12-28 14:20:12,4.8,839,9
3231,SC9881,TV9881,10:50:00,13:30:00,2017-12-29 14:06:15,4.7,822,8
3284,SC9881,TV9881,10:50:00,13:30:00,2017-12-29 14:06:16,4.7,822,8
3324,SC9881,TV9881,10:50:00,13:30:00,2017-12-30 14:15:16,4.7,819,7
3349,SC9881,TV9881,10:50:00,13:30:00,2017-12-30 14:15:17,4.7,819,7
3408,SC9881,TV9881,10:50:00,13:30:00,2017-12-31 13:56:17,4.7,824,6
3508,SC9881,TV9881,10:50:00,13:30:00,2018-01-01 13:57:10,4.7,820,5
3606,SC9881,TV9881,10:50:00,13:30:00,2018-01-02 14:14:30,4.6,817,4
3648,SC9881,TV9881,10:50:00,13:30:00,2018-01-02 14:14:31,4.6,817,4
3693,SC9881,TV9881,10:50:00,13:30:00,2018-01-03 13:35:41,3.8,667,3
3735,SC9881,TV9881,10:50:00,13:30:00,2018-01-04 13:57:51,4.6,810,2
3782,SC9881,TV9881,10:50:00,13:30:00,2018-01-05 14:21:38,4.3,750,1
3824,SC9881,TV9881,10:50:00,13:30:00,2018-01-06 14:19:02,5.6,979,0
31,TV6431,CA4501,16:45:00,19:30:00,2017-11-23 14:08:55,7.3,1280,44
82,TV6431,CA4501,16:45:00,19:30:00,2017-11-23 14:08:58,7.3,1280,44
131,TV6431,CA4501,16:45:00,19:30:00,2017-11-24 14:22:17,7.3,1280,43
153,TV6431,CA4501,16:45:00,19:30:00,2017-11-24 14:22:30,7.3,1280,43
217,TV6431,CA4501,16:45:00,19:30:00,2017-11-25 14:17:54,7.3,1280,42
233,TV6431,CA4501,16:45:00,19:30:00,2017-11-25 14:17:56,7.3,1280,42
279,TV6431,CA4501,16:45:00,19:30:00,2017-11-26 14:23:55,7.3,1280,41
323,TV6431,CA4501,16:45:00,19:30:00,2017-11-26 14:23:56,7.3,1280,41
373,TV6431,CA4501,16:45:00,19:30:00,2017-11-27 14:05:44,7.3,1280,40
413,TV6431,CA4501,16:45:00,19:30:00,2017-11-27 14:05:46,7.3,1280,40
487,TV6431,CA4501,16:45:00,19:30:00,2017-11-28 14:11:00,7.3,1280,39
565,TV6431,CA4501,16:45:00,19:30:00,2017-11-29 14:16:56,7.3,1280,38
601,TV6431,CA4501,16:45:00,19:30:00,2017-11-29 14:17:01,7.3,1280,38
667,TV6431,CA4501,16:45:00,19:30:00,2017-11-30 14:27:23,7.0,1230,37
721,TV6431,CA4501,16:45:00,19:30:00,2017-12-01 14:07:21,7.0,1230,36
774,TV6431,CA4501,16:45:00,19:30:00,2017-12-01 14:07:22,7.0,1230,36
818,TV6431,CA4501,16:45:00,19:30:00,2017-12-02 14:00:57,7.0,1230,35
898,TV6431,CA4501,16:45:00,19:30:00,2017-12-02 14:00:58,7.0,1230,35
940,TV6431,CA4501,16:45:00,19:30:00,2017-12-03 13:58:12,7.0,1230,34
1003,TV6431,CA4501,16:45:00,19:30:00,2017-12-04 13:57:56,7.0,1230,33
1073,TV6431,CA4501,16:45:00,19:30:00,2017-12-04 13:57:57,7.0,1230,33
1093,TV6431,CA4501,16:45:00,19:30:00,2017-12-05 14:22:49,7.0,1230,32
1143,TV6431,CA4501,16:45:00,19:30:00,2017-12-05 14:22:50,7.0,1230,32
1174,TV6431,CA4501,16:45:00,19:30:00,2017-12-06 14:01:02,7.0,1230,31
1224,TV6431,CA4501,16:45:00,19:30:00,2017-12-06 14:01:03,7.0,1230,31
1296,TV6431,CA4501,16:45:00,19:30:00,2017-12-07 14:19:51,7.0,1230,30
1330,TV6431,CA4501,16:45:00,19:30:00,2017-12-07 14:19:52,7.0,1230,30
1390,TV6431,CA4501,16:45:00,19:30:00,2017-12-08 14:24:05,7.0,1230,29
1462,TV6431,CA4501,16:45:00,19:30:00,2017-12-09 14:04:55,7.0,1230,28
1523,TV6431,CA4501,16:45:00,19:30:00,2017-12-09 14:04:59,7.0,1230,28
1542,TV6431,CA4501,16:45:00,19:30:00,2017-12-10 14:03:23,7.0,1230,27
1607,TV6431,CA4501,16:45:00,19:30:00,2017-12-10 14:03:24,7.0,1230,27
1645,TV6431,CA4501,16:45:00,19:30:00,2017-12-11 14:27:59,7.0,1230,26
1700,TV6431,CA4501,16:45:00,19:30:00,2017-12-11 14:28:01,7.0,1230,26
1718,TV6431,CA4501,16:45:00,19:30:00,2017-12-12 13:59:02,7.0,1230,25
1760,TV6431,CA4501,16:45:00,19:30:00,2017-12-12 13:59:03,7.0,1230,25
1832,TV6431,CA4501,16:45:00,19:30:00,2017-12-13 14:07:51,7.0,1230,24
1876,TV6431,CA4501,16:45:00,19:30:00,2017-12-13 14:07:52,7.0,1230,24
1897,TV6431,CA4501,16:45:00,19:30:00,2017-12-14 14:16:52,7.0,1230,23
2007,TV6431,CA4501,16:45:00,19:30:00,2017-12-15 14:11:46,7.0,1230,22
2030,TV6431,CA4501,16:45:00,19:30:00,2017-12-15 14:11:56,7.0,1230,22
2071,TV6431,CA4501,16:45:00,19:30:00,2017-12-16 14:02:27,9.8,1725,21
2170,TV6431,CA4501,16:45:00,19:30:00,2017-12-17 14:13:03,9.8,1725,20
2210,TV6431,CA4501,16:45:00,19:30:00,2017-12-17 14:13:04,9.8,1725,20
2286,TV6431,CA4501,16:45:00,19:30:00,2017-12-18 14:12:04,7.0,1230,19
2345,TV6431,CA4501,16:45:00,19:30:00,2017-12-19 14:21:17,7.0,1230,18
2437,TV6431,CA4501,16:45:00,19:30:00,2017-12-20 14:09:48,7.3,1280,17
2513,TV6431,CA4501,16:45:00,19:30:00,2017-12-21 14:08:59,7.0,1230,16
2559,TV6431,CA4501,16:45:00,19:30:00,2017-12-21 14:09:02,7.0,1230,16
2601,TV6431,CA4501,16:45:00,19:30:00,2017-12-22 14:00:19,7.0,1230,15
2619,TV6431,CA4501,16:45:00,19:30:00,2017-12-22 14:00:20,7.0,1230,15
2665,TV6431,CA4501,16:45:00,19:30:00,2017-12-23 14:28:42,6.6,1160,14
2720,TV6431,CA4501,16:45:00,19:30:00,2017-12-23 14:28:45,6.6,1160,14
2761,TV6431,CA4501,16:45:00,19:30:00,2017-12-24 13:59:03,7.0,1230,13
2832,TV6431,CA4501,16:45:00,19:30:00,2017-12-24 13:59:08,7.0,1230,13
2879,TV6431,CA4501,16:45:00,19:30:00,2017-12-25 14:15:17,7.0,1230,12
2970,TV6431,CA4501,16:45:00,19:30:00,2017-12-26 14:17:08,7.5,1315,11
3061,TV6431,CA4501,16:45:00,19:30:00,2017-12-27 14:09:22,6.8,1190,10
3079,TV6431,CA4501,16:45:00,19:30:00,2017-12-27 14:09:27,6.8,1190,10
3124,TV6431,CA4501,16:45:00,19:30:00,2017-12-28 14:20:11,6.8,1190,9
3200,TV6431,CA4501,16:45:00,19:30:00,2017-12-28 14:20:12,6.8,1190,9
3217,TV6431,CA4501,16:45:00,19:30:00,2017-12-29 14:06:15,6.8,1190,8
3267,TV6431,CA4501,16:45:00,19:30:00,2017-12-29 14:06:16,6.8,1190,8
3309,TV6431,CA4501,16:45:00,19:30:00,2017-12-30 14:15:16,6.8,1190,7
3380,TV6431,CA4501,16:45:00,19:30:00,2017-12-30 14:15:17,6.8,1190,7
3393,TV6431,CA4501,16:45:00,19:30:00,2017-12-31 13:56:17,6.5,1140,6
3493,TV6431,CA4501,16:45:00,19:30:00,2018-01-01 13:57:10,6.4,1130,5
3621,TV6431,CA4501,16:45:00,19:30:00,2018-01-02 14:14:30,6.4,1130,4
3663,TV6431,CA4501,16:45:00,19:30:00,2018-01-02 14:14:31,6.4,1130,4
3708,TV6431,CA4501,16:45:00,19:30:00,2018-01-03 13:35:41,6.4,1130,3
3750,TV6431,CA4501,16:45:00,19:30:00,2018-01-04 13:57:51,6.4,1130,2
3797,TV6431,CA4501,16:45:00,19:30:00,2018-01-05 14:21:38,6.4,1130,1
3841,TV6431,CA4501,16:45:00,19:30:00,2018-01-06 14:19:02,6.4,1130,0
3859,TV6431,CA4501,16:45:00,19:30:00,2018-01-07 14:04:27,7.3,1285,0
35,TV6443,CA4515,07:50:00,10:30:00,2017-11-23 14:08:55,2.7,480,44
46,TV6443,CA4515,07:50:00,10:30:00,2017-11-23 14:08:58,2.7,480,44
99,TV6443,CA4515,07:50:00,10:30:00,2017-11-24 14:22:17,2.7,478,43
179,TV6443,CA4515,07:50:00,10:30:00,2017-11-24 14:22:30,2.7,478,43
181,TV6443,CA4515,07:50:00,10:30:00,2017-11-25 14:17:54,2.8,485,42
236,TV6443,CA4515,07:50:00,10:30:00,2017-11-25 14:17:56,2.8,485,42
314,TV6443,CA4515,07:50:00,10:30:00,2017-11-26 14:23:55,2.7,477,41
355,TV6443,CA4515,07:50:00,10:30:00,2017-11-26 14:23:56,2.7,477,41
382,TV6443,CA4515,07:50:00,10:30:00,2017-11-27 14:05:44,2.8,488,40
410,TV6443,CA4515,07:50:00,10:30:00,2017-11-27 14:05:46,2.8,488,40
484,TV6443,CA4515,07:50:00,10:30:00,2017-11-28 14:11:00,2.7,477,39
563,TV6443,CA4515,07:50:00,10:30:00,2017-11-29 14:16:56,2.8,484,38
609,TV6443,CA4515,07:50:00,10:30:00,2017-11-29 14:17:01,2.8,484,38
631,TV6443,CA4515,07:50:00,10:30:00,2017-11-30 14:27:23,2.7,475,37
735,TV6443,CA4515,07:50:00,10:30:00,2017-12-01 14:07:21,2.8,487,36
776,TV6443,CA4515,07:50:00,10:30:00,2017-12-01 14:07:22,2.8,487,36
854,TV6443,CA4515,07:50:00,10:30:00,2017-12-02 14:00:57,2.8,485,35
897,TV6443,CA4515,07:50:00,10:30:00,2017-12-02 14:00:58,2.8,485,35
942,TV6443,CA4515,07:50:00,10:30:00,2017-12-03 13:58:12,6.0,1060,34
994,TV6443,CA4515,07:50:00,10:30:00,2017-12-04 13:57:56,6.0,1060,33
1039,TV6443,CA4515,07:50:00,10:30:00,2017-12-04 13:57:57,6.0,1060,33
1082,TV6443,CA4515,07:50:00,10:30:00,2017-12-05 14:22:49,6.0,1060,32
1125,TV6443,CA4515,07:50:00,10:30:00,2017-12-05 14:22:50,6.0,1060,32
1197,TV6443,CA4515,07:50:00,10:30:00,2017-12-06 14:01:02,6.0,1060,31
1259,TV6443,CA4515,07:50:00,10:30:00,2017-12-06 14:01:03,6.0,1060,31
1261,TV6443,CA4515,07:50:00,10:30:00,2017-12-07 14:19:51,6.0,1060,30
1349,TV6443,CA4515,07:50:00,10:30:00,2017-12-07 14:19:52,6.0,1060,30
1354,TV6443,CA4515,07:50:00,10:30:00,2017-12-08 14:24:05,6.0,1060,29
1455,TV6443,CA4515,07:50:00,10:30:00,2017-12-09 14:04:55,6.0,1060,28
1486,TV6443,CA4515,07:50:00,10:30:00,2017-12-09 14:04:59,6.0,1060,28
1574,TV6443,CA4515,07:50:00,10:30:00,2017-12-10 14:03:23,6.0,1060,27
1597,TV6443,CA4515,07:50:00,10:30:00,2017-12-10 14:03:24,6.0,1060,27
1624,TV6443,CA4515,07:50:00,10:30:00,2017-12-11 14:27:59,6.0,1060,26
1666,TV6443,CA4515,07:50:00,10:30:00,2017-12-11 14:28:01,6.0,1060,26
1752,TV6443,CA4515,07:50:00,10:30:00,2017-12-12 13:59:02,6.0,1060,25
1795,TV6443,CA4515,07:50:00,10:30:00,2017-12-12 13:59:03,6.0,1060,25
1801,TV6443,CA4515,07:50:00,10:30:00,2017-12-13 14:07:51,6.0,1060,24
1853,TV6443,CA4515,07:50:00,10:30:00,2017-12-13 14:07:52,6.0,1060,24
1888,TV6443,CA4515,07:50:00,10:30:00,2017-12-14 14:16:52,6.0,1060,23
1990,TV6443,CA4515,07:50:00,10:30:00,2017-12-15 14:11:46,6.0,1060,22
2065,TV6443,CA4515,07:50:00,10:30:00,2017-12-15 14:11:56,6.0,1060,22
2107,TV6443,CA4515,07:50:00,10:30:00,2017-12-16 14:02:27,9.8,1725,21
2160,TV6443,CA4515,07:50:00,10:30:00,2017-12-17 14:13:03,9.8,1725,20
2245,TV6443,CA4515,07:50:00,10:30:00,2017-12-17 14:13:04,9.8,1725,20
2246,TV6443,CA4515,07:50:00,10:30:00,2017-12-18 14:12:04,7.0,1230,19
2381,TV6443,CA4515,07:50:00,10:30:00,2017-12-19 14:21:17,7.0,1230,18
2428,TV6443,CA4515,07:50:00,10:30:00,2017-12-20 14:09:48,6.3,1110,17
2476,TV6443,CA4515,07:50:00,10:30:00,2017-12-21 14:08:59,6.0,1060,16
2522,TV6443,CA4515,07:50:00,10:30:00,2017-12-21 14:09:02,6.0,1060,16
2565,TV6443,CA4515,07:50:00,10:30:00,2017-12-22 14:00:19,7.0,1230,15
2610,TV6443,CA4515,07:50:00,10:30:00,2017-12-22 14:00:20,7.0,1230,15
2701,TV6443,CA4515,07:50:00,10:30:00,2017-12-23 14:28:42,6.6,1160,14
2743,TV6443,CA4515,07:50:00,10:30:00,2017-12-23 14:28:45,6.6,1160,14
2752,TV6443,CA4515,07:50:00,10:30:00,2017-12-24 13:59:03,7.0,1230,13
2798,TV6443,CA4515,07:50:00,10:30:00,2017-12-24 13:59:08,7.0,1230,13
2842,TV6443,CA4515,07:50:00,10:30:00,2017-12-25 14:15:17,7.0,1230,12
2933,TV6443,CA4515,07:50:00,10:30:00,2017-12-26 14:17:08,7.0,1230,11
3025,TV6443,CA4515,07:50:00,10:30:00,2017-12-27 14:09:22,2.7,475,10
3115,TV6443,CA4515,07:50:00,10:30:00,2017-12-27 14:09:27,2.7,475,10
3161,TV6443,CA4515,07:50:00,10:30:00,2017-12-28 14:20:11,2.7,476,9
3163,TV6443,CA4515,07:50:00,10:30:00,2017-12-28 14:20:12,2.7,476,9
3253,TV6443,CA4515,07:50:00,10:30:00,2017-12-29 14:06:15,6.8,1190,8
3255,TV6443,CA4515,07:50:00,10:30:00,2017-12-29 14:06:16,6.8,1190,8
3345,TV6443,CA4515,07:50:00,10:30:00,2017-12-30 14:15:16,2.8,484,7
3371,TV6443,CA4515,07:50:00,10:30:00,2017-12-30 14:15:17,2.8,484,7
3423,TV6443,CA4515,07:50:00,10:30:00,2017-12-31 13:56:17,6.5,1140,6
3529,TV6443,CA4515,07:50:00,10:30:00,2018-01-01 13:57:10,6.4,1130,5
3584,TV6443,CA4515,07:50:00,10:30:00,2018-01-02 14:14:30,6.4,1130,4
3624,TV6443,CA4515,07:50:00,10:30:00,2018-01-02 14:14:31,6.4,1130,4
3672,TV6443,CA4515,07:50:00,10:30:00,2018-01-03 13:35:41,6.4,1130,3
3758,TV6443,CA4515,07:50:00,10:30:00,2018-01-04 13:57:51,6.4,1130,2
3761,TV6443,CA4515,07:50:00,10:30:00,2018-01-05 14:21:38,6.4,1130,1
3848,TV6443,CA4515,07:50:00,10:30:00,2018-01-06 14:19:02,6.4,1130,0
2,TV9865,,12:55:00,15:35:00,2017-11-23 14:08:55,9.5,1680,44
77,TV9865,,12:55:00,15:35:00,2017-11-23 14:08:58,9.5,1680,44
102,TV9865,,12:55:00,15:35:00,2017-11-24 14:22:17,9.5,1674,43
144,TV9865,,12:55:00,15:35:00,2017-11-24 14:22:30,9.5,1674,43
212,TV9865,,12:55:00,15:35:00,2017-11-25 14:17:54,9.5,1674,42
267,TV9865,,12:55:00,15:35:00,2017-11-25 14:17:56,9.5,1674,42
284,TV9865,,12:55:00,15:35:00,2017-11-26 14:23:55,9.3,1630,41
328,TV9865,,12:55:00,15:35:00,2017-11-26 14:23:56,9.3,1630,41
368,TV9865,,12:55:00,15:35:00,2017-11-27 14:05:44,9.3,1630,40
418,TV9865,,12:55:00,15:35:00,2017-11-27 14:05:46,9.3,1630,40
453,TV9865,,12:55:00,15:35:00,2017-11-28 14:11:00,9.3,1630,39
577,TV9865,,12:55:00,15:35:00,2017-11-29 14:16:56,9.3,1630,38
596,TV9865,,12:55:00,15:35:00,2017-11-29 14:17:01,9.3,1630,38
662,TV9865,,12:55:00,15:35:00,2017-11-30 14:27:23,9.3,1630,37
761,TV9865,,12:55:00,15:35:00,2017-12-01 14:07:21,9.3,1643,36
783,TV9865,,12:55:00,15:35:00,2017-12-01 14:07:22,9.3,1643,36
823,TV9865,,12:55:00,15:35:00,2017-12-02 14:00:57,9.3,1642,35
858,TV9865,,12:55:00,15:35:00,2017-12-02 14:00:58,9.3,1642,35
935,TV9865,,12:55:00,15:35:00,2017-12-03 13:58:12,9.3,1641,34
1008,TV9865,,12:55:00,15:35:00,2017-12-04 13:57:56,9.3,1639,33
1068,TV9865,,12:55:00,15:35:00,2017-12-04 13:57:57,9.3,1639,33
1088,TV9865,,12:55:00,15:35:00,2017-12-05 14:22:49,6.8,1200,32
1148,TV9865,,12:55:00,15:35:00,2017-12-05 14:22:50,6.8,1200,32
1214,TV9865,,12:55:00,15:35:00,2017-12-06 14:01:02,6.8,1200,31
1229,TV9865,,12:55:00,15:35:00,2017-12-06 14:01:03,6.8,1200,31
1291,TV9865,,12:55:00,15:35:00,2017-12-07 14:19:51,6.8,1199,30
1325,TV9865,,12:55:00,15:35:00,2017-12-07 14:19:52,6.8,1199,30
1385,TV9865,,12:55:00,15:35:00,2017-12-08 14:24:05,6.9,1222,29
1457,TV9865,,12:55:00,15:35:00,2017-12-09 14:04:55,6.7,1171,28
1527,TV9865,,12:55:00,15:35:00,2017-12-09 14:04:59,6.7,1171,28
1547,TV9865,,12:55:00,15:35:00,2017-12-10 14:03:23,6.6,1168,27
1602,TV9865,,12:55:00,15:35:00,2017-12-10 14:03:24,6.6,1168,27
1640,TV9865,,12:55:00,15:35:00,2017-12-11 14:27:59,4.8,845,26
1695,TV9865,,12:55:00,15:35:00,2017-12-11 14:28:01,4.8,845,26
1722,TV9865,,12:55:00,15:35:00,2017-12-12 13:59:02,4.8,845,25
1764,TV9865,,12:55:00,15:35:00,2017-12-12 13:59:03,4.8,845,25
1827,TV9865,,12:55:00,15:35:00,2017-12-13 14:07:51,4.8,845,24
1871,TV9865,,12:55:00,15:35:00,2017-12-13 14:07:52,4.8,845,24
1902,TV9865,,12:55:00,15:35:00,2017-12-14 14:16:52,4.8,844,23
2012,TV9865,,12:55:00,15:35:00,2017-12-15 14:11:46,4.8,844,22
2035,TV9865,,12:55:00,15:35:00,2017-12-15 14:11:56,4.8,844,22
2076,TV9865,,12:55:00,15:35:00,2017-12-16 14:02:27,4.8,844,21
2175,TV9865,,12:55:00,15:35:00,2017-12-17 14:13:03,4.8,845,20
2215,TV9865,,12:55:00,15:35:00,2017-12-17 14:13:04,4.8,845,20
2281,TV9865,,12:55:00,15:35:00,2017-12-18 14:12:04,4.8,845,19
2350,TV9865,,12:55:00,15:35:00,2017-12-19 14:21:17,4.8,845,18
2442,TV9865,,12:55:00,15:35:00,2017-12-20 14:09:48,4.8,840,17
2508,TV9865,,12:55:00,15:35:00,2017-12-21 14:08:59,4.8,839,16
2554,TV9865,,12:55:00,15:35:00,2017-12-21 14:09:02,4.8,839,16
2596,TV9865,,12:55:00,15:35:00,2017-12-22 14:00:19,4.8,839,15
2624,TV9865,,12:55:00,15:35:00,2017-12-22 14:00:20,4.8,839,15
2670,TV9865,,12:55:00,15:35:00,2017-12-23 14:28:42,4.8,841,14
2725,TV9865,,12:55:00,15:35:00,2017-12-23 14:28:45,4.8,841,14
2766,TV9865,,12:55:00,15:35:00,2017-12-24 13:59:03,4.8,839,13
2827,TV9865,,12:55:00,15:35:00,2017-12-24 13:59:08,4.8,839,13
2874,TV9865,,12:55:00,15:35:00,2017-12-25 14:15:17,4.8,838,12
2965,TV9865,,12:55:00,15:35:00,2017-12-26 14:17:08,4.8,838,11
3056,TV9865,,12:55:00,15:35:00,2017-12-27 14:09:22,4.8,838,10
3084,TV9865,,12:55:00,15:35:00,2017-12-27 14:09:27,4.8,838,10
3129,TV9865,,12:55:00,15:35:00,2017-12-28 14:20:11,4.8,838,9
3195,TV9865,,12:55:00,15:35:00,2017-12-28 14:20:12,4.8,838,9
3222,TV9865,,12:55:00,15:35:00,2017-12-29 14:06:15,4.8,836,8
3273,TV9865,,12:55:00,15:35:00,2017-12-29 14:06:16,4.8,836,8
3314,TV9865,,12:55:00,15:35:00,2017-12-30 14:15:16,4.8,836,7
3385,TV9865,,12:55:00,15:35:00,2017-12-30 14:15:17,4.8,836,7
3398,TV9865,,12:55:00,15:35:00,2017-12-31 13:56:17,4.8,843,6
3498,TV9865,,12:55:00,15:35:00,2018-01-01 13:57:10,4.8,836,5
3616,TV9865,,12:55:00,15:35:00,2018-01-02 14:14:30,4.7,833,4
3658,TV9865,,12:55:00,15:35:00,2018-01-02 14:14:31,4.7,833,4
3703,TV9865,,12:55:00,15:35:00,2018-01-03 13:35:41,4.3,749,3
3745,TV9865,,12:55:00,15:35:00,2018-01-04 13:57:51,4.3,756,2
3792,TV9865,,12:55:00,15:35:00,2018-01-05 14:21:38,4.7,830,1
3836,TV9865,,12:55:00,15:35:00,2018-01-06 14:19:02,5.6,992,0
24,TV9881,,10:50:00,13:30:00,2017-11-23 14:08:55,9.5,1680,44
88,TV9881,,10:50:00,13:30:00,2017-11-23 14:08:58,9.5,1680,44
124,TV9881,,10:50:00,13:30:00,2017-11-24 14:22:17,9.5,1674,43
146,TV9881,,10:50:00,13:30:00,2017-11-24 14:22:30,9.5,1674,43
180,TV9881,,10:50:00,13:30:00,2017-11-25 14:17:54,9.5,1674,42
229,TV9881,,10:50:00,13:30:00,2017-11-25 14:17:56,9.5,1674,42
272,TV9881,,10:50:00,13:30:00,2017-11-26 14:23:55,9.3,1630,41
316,TV9881,,10:50:00,13:30:00,2017-11-26 14:23:56,9.3,1630,41
380,TV9881,,10:50:00,13:30:00,2017-11-27 14:05:44,9.3,1630,40
430,TV9881,,10:50:00,13:30:00,2017-11-27 14:05:46,9.3,1630,40
450,TV9881,,10:50:00,13:30:00,2017-11-28 14:11:00,9.3,1630,39
574,TV9881,,10:50:00,13:30:00,2017-11-29 14:16:56,9.3,1630,38
608,TV9881,,10:50:00,13:30:00,2017-11-29 14:17:01,9.3,1630,38
674,TV9881,,10:50:00,13:30:00,2017-11-30 14:27:23,9.3,1630,37
728,TV9881,,10:50:00,13:30:00,2017-12-01 14:07:21,9.5,1665,36
767,TV9881,,10:50:00,13:30:00,2017-12-01 14:07:22,9.5,1665,36
812,TV9881,,10:50:00,13:30:00,2017-12-02 14:00:57,9.4,1662,35
861,TV9881,,10:50:00,13:30:00,2017-12-02 14:00:58,9.4,1662,35
903,TV9881,,10:50:00,13:30:00,2017-12-03 13:58:12,9.4,1662,34
996,TV9881,,10:50:00,13:30:00,2017-12-04 13:57:56,9.4,1662,33
1040,TV9881,,10:50:00,13:30:00,2017-12-04 13:57:57,9.4,1662,33
1100,TV9881,,10:50:00,13:30:00,2017-12-05 14:22:49,6.9,1206,32
1136,TV9881,,10:50:00,13:30:00,2017-12-05 14:22:50,6.9,1206,32
1181,TV9881,,10:50:00,13:30:00,2017-12-06 14:01:02,6.9,1206,31
1217,TV9881,,10:50:00,13:30:00,2017-12-06 14:01:03,6.9,1206,31
1303,TV9881,,10:50:00,13:30:00,2017-12-07 14:19:51,6.8,1199,30
1337,TV9881,,10:50:00,13:30:00,2017-12-07 14:19:52,6.8,1199,30
1352,TV9881,,10:50:00,13:30:00,2017-12-08 14:24:05,6.9,1222,29
1469,TV9881,,10:50:00,13:30:00,2017-12-09 14:04:55,6.7,1171,28
1516,TV9881,,10:50:00,13:30:00,2017-12-09 14:04:59,6.7,1171,28
1535,TV9881,,10:50:00,13:30:00,2017-12-10 14:03:23,6.6,1168,27
1595,TV9881,,10:50:00,13:30:00,2017-12-10 14:03:24,6.6,1168,27
1652,TV9881,,10:50:00,13:30:00,2017-12-11 14:27:59,4.8,845,26
1707,TV9881,,10:50:00,13:30:00,2017-12-11 14:28:01,4.8,845,26
1711,TV9881,,10:50:00,13:30:00,2017-12-12 13:59:02,4.8,845,25
1753,TV9881,,10:50:00,13:30:00,2017-12-12 13:59:03,4.8,845,25
1839,TV9881,,10:50:00,13:30:00,2017-12-13 14:07:51,4.8,845,24
1841,TV9881,,10:50:00,13:30:00,2017-12-13 14:07:52,4.8,845,24
1890,TV9881,,10:50:00,13:30:00,2017-12-14 14:16:52,4.8,844,23
2000,TV9881,,10:50:00,13:30:00,2017-12-15 14:11:46,4.8,844,22
2023,TV9881,,10:50:00,13:30:00,2017-12-15 14:11:56,4.8,844,22
2110,TV9881,,10:50:00,13:30:00,2017-12-16 14:02:27,4.8,844,21
2163,TV9881,,10:50:00,13:30:00,2017-12-17 14:13:03,4.8,845,20
2203,TV9881,,10:50:00,13:30:00,2017-12-17 14:13:04,4.8,845,20
2248,TV9881,,10:50:00,13:30:00,2017-12-18 14:12:04,4.8,845,19
2338,TV9881,,10:50:00,13:30:00,2017-12-19 14:21:17,4.8,845,18
2431,TV9881,,10:50:00,13:30:00,2017-12-20 14:09:48,4.8,840,17
2474,TV9881,,10:50:00,13:30:00,2017-12-21 14:08:59,4.8,839,16
2520,TV9881,,10:50:00,13:30:00,2017-12-21 14:09:02,4.8,839,16
2608,TV9881,,10:50:00,13:30:00,2017-12-22 14:00:19,4.8,839,15
2613,TV9881,,10:50:00,13:30:00,2017-12-22 14:00:20,4.8,839,15
2658,TV9881,,10:50:00,13:30:00,2017-12-23 14:28:42,4.8,841,14
2713,TV9881,,10:50:00,13:30:00,2017-12-23 14:28:45,4.8,841,14
2754,TV9881,,10:50:00,13:30:00,2017-12-24 13:59:03,4.8,839,13
2839,TV9881,,10:50:00,13:30:00,2017-12-24 13:59:08,4.8,839,13
2840,TV9881,,10:50:00,13:30:00,2017-12-25 14:15:17,4.8,838,12
2977,TV9881,,10:50:00,13:30:00,2017-12-26 14:17:08,4.8,838,11
3064,TV9881,,10:50:00,13:30:00,2017-12-27 14:09:22,4.8,838,10
3072,TV9881,,10:50:00,13:30:00,2017-12-27 14:09:27,4.8,838,10
3121,TV9881,,10:50:00,13:30:00,2017-12-28 14:20:11,4.8,838,9
3206,TV9881,,10:50:00,13:30:00,2017-12-28 14:20:12,4.8,838,9
3210,TV9881,,10:50:00,13:30:00,2017-12-29 14:06:15,4.8,836,8
3260,TV9881,,10:50:00,13:30:00,2017-12-29 14:06:16,4.8,836,8
3302,TV9881,,10:50:00,13:30:00,2017-12-30 14:15:16,4.8,836,7
3373,TV9881,,10:50:00,13:30:00,2017-12-30 14:15:17,4.8,836,7
3425,TV9881,,10:50:00,13:30:00,2017-12-31 13:56:17,4.8,843,6
3486,TV9881,,10:50:00,13:30:00,2018-01-01 13:57:10,4.8,836,5
3577,TV9881,,10:50:00,13:30:00,2018-01-02 14:14:30,4.7,833,4
3626,TV9881,,10:50:00,13:30:00,2018-01-02 14:14:31,4.7,833,4
3670,TV9881,,10:50:00,13:30:00,2018-01-03 13:35:41,3.7,659,3
3757,TV9881,,10:50:00,13:30:00,2018-01-04 13:57:51,4.7,828,2
3804,TV9881,,10:50:00,13:30:00,2018-01-05 14:21:38,4.3,751,1
3806,TV9881,,10:50:00,13:30:00,2018-01-06 14:19:02,5.6,992,0
28,ZH3965,TV9865,12:55:00,15:35:00,2017-11-23 14:08:55,9.7,1714,44
85,ZH3965,TV9865,12:55:00,15:35:00,2017-11-23 14:08:58,9.7,1714,44
128,ZH3965,TV9865,12:55:00,15:35:00,2017-11-24 14:22:17,9.8,1719,43
150,ZH3965,TV9865,12:55:00,15:35:00,2017-11-24 14:22:30,9.8,1719,43
220,ZH3965,TV9865,12:55:00,15:35:00,2017-11-25 14:17:54,10.0,1760,42
235,ZH3965,TV9865,12:55:00,15:35:00,2017-11-25 14:17:56,10.0,1760,42
276,ZH3965,TV9865,12:55:00,15:35:00,2017-11-26 14:23:55,10.0,1760,41
320,ZH3965,TV9865,12:55:00,15:35:00,2017-11-26 14:23:56,10.0,1760,41
376,ZH3965,TV9865,12:55:00,15:35:00,2017-11-27 14:05:44,10.0,1760,40
408,ZH3965,TV9865,12:55:00,15:35:00,2017-11-27 14:05:46,10.0,1760,40
490,ZH3965,TV9865,12:55:00,15:35:00,2017-11-28 14:11:00,10.0,1760,39
570,ZH3965,TV9865,12:55:00,15:35:00,2017-11-29 14:16:56,10.0,1760,38
604,ZH3965,TV9865,12:55:00,15:35:00,2017-11-29 14:17:01,10.0,1760,38
670,ZH3965,TV9865,12:55:00,15:35:00,2017-11-30 14:27:23,10.0,1760,37
724,ZH3965,TV9865,12:55:00,15:35:00,2017-12-01 14:07:21,10.0,1760,36
771,ZH3965,TV9865,12:55:00,15:35:00,2017-12-01 14:07:22,10.0,1760,36
816,ZH3965,TV9865,12:55:00,15:35:00,2017-12-02 14:00:57,10.0,1760,35
865,ZH3965,TV9865,12:55:00,15:35:00,2017-12-02 14:00:58,10.0,1760,35
945,ZH3965,TV9865,12:55:00,15:35:00,2017-12-03 13:58:12,10.0,1760,34
1000,ZH3965,TV9865,12:55:00,15:35:00,2017-12-04 13:57:56,10.0,1760,33
1076,ZH3965,TV9865,12:55:00,15:35:00,2017-12-04 13:57:57,10.0,1760,33
1096,ZH3965,TV9865,12:55:00,15:35:00,2017-12-05 14:22:49,7.4,1300,32
1140,ZH3965,TV9865,12:55:00,15:35:00,2017-12-05 14:22:50,7.4,1300,32
1177,ZH3965,TV9865,12:55:00,15:35:00,2017-12-06 14:01:02,7.4,1300,31
1221,ZH3965,TV9865,12:55:00,15:35:00,2017-12-06 14:01:03,7.4,1300,31
1299,ZH3965,TV9865,12:55:00,15:35:00,2017-12-07 14:19:51,7.4,1300,30
1333,ZH3965,TV9865,12:55:00,15:35:00,2017-12-07 14:19:52,7.4,1300,30
1393,ZH3965,TV9865,12:55:00,15:35:00,2017-12-08 14:24:05,7.4,1300,29
1465,ZH3965,TV9865,12:55:00,15:35:00,2017-12-09 14:04:55,7.4,1300,28
1520,ZH3965,TV9865,12:55:00,15:35:00,2017-12-09 14:04:59,7.4,1300,28
1539,ZH3965,TV9865,12:55:00,15:35:00,2017-12-10 14:03:23,7.4,1300,27
1591,ZH3965,TV9865,12:55:00,15:35:00,2017-12-10 14:03:24,7.4,1300,27
1648,ZH3965,TV9865,12:55:00,15:35:00,2017-12-11 14:27:59,5.4,950,26
1704,ZH3965,TV9865,12:55:00,15:35:00,2017-12-11 14:28:01,5.4,950,26
1715,ZH3965,TV9865,12:55:00,15:35:00,2017-12-12 13:59:02,5.4,950,25
1757,ZH3965,TV9865,12:55:00,15:35:00,2017-12-12 13:59:03,5.4,950,25
1835,ZH3965,TV9865,12:55:00,15:35:00,2017-12-13 14:07:51,5.4,950,24
1879,ZH3965,TV9865,12:55:00,15:35:00,2017-12-13 14:07:52,5.4,950,24
1894,ZH3965,TV9865,12:55:00,15:35:00,2017-12-14 14:16:52,5.4,950,23
2004,ZH3965,TV9865,12:55:00,15:35:00,2017-12-15 14:11:46,5.4,950,22
2027,ZH3965,TV9865,12:55:00,15:35:00,2017-12-15 14:11:56,5.4,950,22
2138,ZH3965,TV9865,12:55:00,15:35:00,2017-12-16 14:02:27,5.4,950,21
2167,ZH3965,TV9865,12:55:00,15:35:00,2017-12-17 14:13:03,5.4,950,20
2207,ZH3965,TV9865,12:55:00,15:35:00,2017-12-17 14:13:04,5.4,950,20
2289,ZH3965,TV9865,12:55:00,15:35:00,2017-12-18 14:12:04,5.4,950,19
2342,ZH3965,TV9865,12:55:00,15:35:00,2017-12-19 14:21:17,5.4,950,18
2434,ZH3965,TV9865,12:55:00,15:35:00,2017-12-20 14:09:48,5.4,950,17
2516,ZH3965,TV9865,12:55:00,15:35:00,2017-12-21 14:08:59,5.4,950,16
2562,ZH3965,TV9865,12:55:00,15:35:00,2017-12-21 14:09:02,5.4,950,16
2604,ZH3965,TV9865,12:55:00,15:35:00,2017-12-22 14:00:19,5.4,950,15
2616,ZH3965,TV9865,12:55:00,15:35:00,2017-12-22 14:00:20,5.4,950,15
2662,ZH3965,TV9865,12:55:00,15:35:00,2017-12-23 14:28:42,5.4,950,14
2717,ZH3965,TV9865,12:55:00,15:35:00,2017-12-23 14:28:45,5.4,950,14
2758,ZH3965,TV9865,12:55:00,15:35:00,2017-12-24 13:59:03,5.4,950,13
2835,ZH3965,TV9865,12:55:00,15:35:00,2017-12-24 13:59:08,5.4,950,13
2882,ZH3965,TV9865,12:55:00,15:35:00,2017-12-25 14:15:17,5.4,950,12
2973,ZH3965,TV9865,12:55:00,15:35:00,2017-12-26 14:17:08,5.4,950,11
3065,ZH3965,TV9865,12:55:00,15:35:00,2017-12-27 14:09:22,5.4,950,10
3076,ZH3965,TV9865,12:55:00,15:35:00,2017-12-27 14:09:27,5.4,950,10
3119,ZH3965,TV9865,12:55:00,15:35:00,2017-12-28 14:20:11,5.4,950,9
3203,ZH3965,TV9865,12:55:00,15:35:00,2017-12-28 14:20:12,5.4,950,9
3214,ZH3965,TV9865,12:55:00,15:35:00,2017-12-29 14:06:15,5.4,950,8
3264,ZH3965,TV9865,12:55:00,15:35:00,2017-12-29 14:06:16,5.4,950,8
3306,ZH3965,TV9865,12:55:00,15:35:00,2017-12-30 14:15:16,5.4,950,7
3377,ZH3965,TV9865,12:55:00,15:35:00,2017-12-30 14:15:17,5.4,950,7
3429,ZH3965,TV9865,12:55:00,15:35:00,2017-12-31 13:56:17,5.4,949,6
3490,ZH3965,TV9865,12:55:00,15:35:00,2018-01-01 13:57:10,5.4,949,5
3581,ZH3965,TV9865,12:55:00,15:35:00,2018-01-02 14:14:30,5.4,949,4
3666,ZH3965,TV9865,12:55:00,15:35:00,2018-01-02 14:14:31,5.4,949,4
3711,ZH3965,TV9865,12:55:00,15:35:00,2018-01-03 13:35:41,4.9,859,3
3753,ZH3965,TV9865,12:55:00,15:35:00,2018-01-04 13:57:51,4.9,859,2
3800,ZH3965,TV9865,12:55:00,15:35:00,2018-01-05 14:21:38,5.4,950,1
3844,ZH3965,TV9865,12:55:00,15:35:00,2018-01-06 14:19:02,6.4,1130,0
10,ZH3981,TV9881,10:50:00,13:30:00,2017-11-23 14:08:55,9.7,1714,44
69,ZH3981,TV9881,10:50:00,13:30:00,2017-11-23 14:08:58,9.7,1714,44
110,ZH3981,TV9881,10:50:00,13:30:00,2017-11-24 14:22:17,9.8,1719,43
156,ZH3981,TV9881,10:50:00,13:30:00,2017-11-24 14:22:30,9.8,1719,43
204,ZH3981,TV9881,10:50:00,13:30:00,2017-11-25 14:17:54,10.0,1760,42
259,ZH3981,TV9881,10:50:00,13:30:00,2017-11-25 14:17:56,10.0,1760,42
292,ZH3981,TV9881,10:50:00,13:30:00,2017-11-26 14:23:55,10.0,1760,41
346,ZH3981,TV9881,10:50:00,13:30:00,2017-11-26 14:23:56,10.0,1760,41
404,ZH3981,TV9881,10:50:00,13:30:00,2017-11-27 14:05:44,10.0,1760,40
426,ZH3981,TV9881,10:50:00,13:30:00,2017-11-27 14:05:46,10.0,1760,40
461,ZH3981,TV9881,10:50:00,13:30:00,2017-11-28 14:11:00,10.0,1760,39
562,ZH3981,TV9881,10:50:00,13:30:00,2017-11-29 14:16:56,10.0,1760,38
588,ZH3981,TV9881,10:50:00,13:30:00,2017-11-29 14:17:01,10.0,1760,38
654,ZH3981,TV9881,10:50:00,13:30:00,2017-11-30 14:27:23,10.0,1760,37
753,ZH3981,TV9881,10:50:00,13:30:00,2017-12-01 14:07:21,10.0,1760,36
791,ZH3981,TV9881,10:50:00,13:30:00,2017-12-01 14:07:22,10.0,1760,36
831,ZH3981,TV9881,10:50:00,13:30:00,2017-12-02 14:00:57,10.0,1760,35
874,ZH3981,TV9881,10:50:00,13:30:00,2017-12-02 14:00:58,10.0,1760,35
923,ZH3981,TV9881,10:50:00,13:30:00,2017-12-03 13:58:12,10.0,1760,34
1016,ZH3981,TV9881,10:50:00,13:30:00,2017-12-04 13:57:56,10.0,1760,33
1060,ZH3981,TV9881,10:50:00,13:30:00,2017-12-04 13:57:57,10.0,1760,33
1107,ZH3981,TV9881,10:50:00,13:30:00,2017-12-05 14:22:49,7.4,1300,32
1156,ZH3981,TV9881,10:50:00,13:30:00,2017-12-05 14:22:50,7.4,1300,32
1206,ZH3981,TV9881,10:50:00,13:30:00,2017-12-06 14:01:02,7.4,1300,31
1237,ZH3981,TV9881,10:50:00,13:30:00,2017-12-06 14:01:03,7.4,1300,31
1284,ZH3981,TV9881,10:50:00,13:30:00,2017-12-07 14:19:51,7.4,1300,30
1317,ZH3981,TV9881,10:50:00,13:30:00,2017-12-07 14:19:52,7.4,1300,30
1377,ZH3981,TV9881,10:50:00,13:30:00,2017-12-08 14:24:05,7.4,1300,29
1476,ZH3981,TV9881,10:50:00,13:30:00,2017-12-09 14:04:55,7.4,1300,28
1509,ZH3981,TV9881,10:50:00,13:30:00,2017-12-09 14:04:59,7.4,1300,28
1555,ZH3981,TV9881,10:50:00,13:30:00,2017-12-10 14:03:23,7.4,1300,27
1582,ZH3981,TV9881,10:50:00,13:30:00,2017-12-10 14:03:24,7.4,1300,27
1632,ZH3981,TV9881,10:50:00,13:30:00,2017-12-11 14:27:59,5.4,950,26
1687,ZH3981,TV9881,10:50:00,13:30:00,2017-12-11 14:28:01,5.4,950,26
1730,ZH3981,TV9881,10:50:00,13:30:00,2017-12-12 13:59:02,5.4,950,25
1772,ZH3981,TV9881,10:50:00,13:30:00,2017-12-12 13:59:03,5.4,950,25
1819,ZH3981,TV9881,10:50:00,13:30:00,2017-12-13 14:07:51,5.4,950,24
1863,ZH3981,TV9881,10:50:00,13:30:00,2017-12-13 14:07:52,5.4,950,24
1910,ZH3981,TV9881,10:50:00,13:30:00,2017-12-14 14:16:52,5.4,950,23
1991,ZH3981,TV9881,10:50:00,13:30:00,2017-12-15 14:11:46,5.4,950,22
2043,ZH3981,TV9881,10:50:00,13:30:00,2017-12-15 14:11:56,5.4,950,22
2084,ZH3981,TV9881,10:50:00,13:30:00,2017-12-16 14:02:27,5.4,950,21
2183,ZH3981,TV9881,10:50:00,13:30:00,2017-12-17 14:13:03,5.4,950,20
2222,ZH3981,TV9881,10:50:00,13:30:00,2017-12-17 14:13:04,5.4,950,20
2273,ZH3981,TV9881,10:50:00,13:30:00,2017-12-18 14:12:04,5.4,950,19
2358,ZH3981,TV9881,10:50:00,13:30:00,2017-12-19 14:21:17,5.4,950,18
2450,ZH3981,TV9881,10:50:00,13:30:00,2017-12-20 14:09:48,5.4,950,17
2500,ZH3981,TV9881,10:50:00,13:30:00,2017-12-21 14:08:59,5.4,950,16
2546,ZH3981,TV9881,10:50:00,13:30:00,2017-12-21 14:09:02,5.4,950,16
2588,ZH3981,TV9881,10:50:00,13:30:00,2017-12-22 14:00:19,5.4,950,15
2632,ZH3981,TV9881,10:50:00,13:30:00,2017-12-22 14:00:20,5.4,950,15
2678,ZH3981,TV9881,10:50:00,13:30:00,2017-12-23 14:28:42,5.4,950,14
2733,ZH3981,TV9881,10:50:00,13:30:00,2017-12-23 14:28:45,5.4,950,14
2774,ZH3981,TV9881,10:50:00,13:30:00,2017-12-24 13:59:03,5.4,950,13
2819,ZH3981,TV9881,10:50:00,13:30:00,2017-12-24 13:59:08,5.4,950,13
2866,ZH3981,TV9881,10:50:00,13:30:00,2017-12-25 14:15:17,5.4,950,12
2957,ZH3981,TV9881,10:50:00,13:30:00,2017-12-26 14:17:08,5.4,950,11
3048,ZH3981,TV9881,10:50:00,13:30:00,2017-12-27 14:09:22,5.4,950,10
3092,ZH3981,TV9881,10:50:00,13:30:00,2017-12-27 14:09:27,5.4,950,10
3137,ZH3981,TV9881,10:50:00,13:30:00,2017-12-28 14:20:11,5.4,950,9
3187,ZH3981,TV9881,10:50:00,13:30:00,2017-12-28 14:20:12,5.4,950,9
3229,ZH3981,TV9881,10:50:00,13:30:00,2017-12-29 14:06:15,5.4,950,8
3282,ZH3981,TV9881,10:50:00,13:30:00,2017-12-29 14:06:16,5.4,950,8
3322,ZH3981,TV9881,10:50:00,13:30:00,2017-12-30 14:15:16,5.4,950,7
3347,ZH3981,TV9881,10:50:00,13:30:00,2017-12-30 14:15:17,5.4,950,7
3406,ZH3981,TV9881,10:50:00,13:30:00,2017-12-31 13:56:17,5.4,949,6
3506,ZH3981,TV9881,10:50:00,13:30:00,2018-01-01 13:57:10,5.4,949,5
3608,ZH3981,TV9881,10:50:00,13:30:00,2018-01-02 14:14:30,5.4,949,4
3650,ZH3981,TV9881,10:50:00,13:30:00,2018-01-02 14:14:31,5.4,949,4
3695,ZH3981,TV9881,10:50:00,13:30:00,2018-01-03 13:35:41,4.0,700,3
3737,ZH3981,TV9881,10:50:00,13:30:00,2018-01-04 13:57:51,5.4,949,2
3784,ZH3981,TV9881,10:50:00,13:30:00,2018-01-05 14:21:38,4.9,860,1
3828,ZH3981,TV9881,10:50:00,13:30:00,2018-01-06 14:19:02,6.4,1130,0
8,ZH4501,CA4501,16:45:00,19:30:00,2017-11-23 14:08:55,7.4,1300,44
71,ZH4501,CA4501,16:45:00,19:30:00,2017-11-23 14:08:58,7.4,1300,44
108,ZH4501,CA4501,16:45:00,19:30:00,2017-11-24 14:22:17,7.4,1300,43
138,ZH4501,CA4501,16:45:00,19:30:00,2017-11-24 14:22:30,7.4,1300,43
206,ZH4501,CA4501,16:45:00,19:30:00,2017-11-25 14:17:54,7.4,1300,42
261,ZH4501,CA4501,16:45:00,19:30:00,2017-11-25 14:17:56,7.4,1300,42
290,ZH4501,CA4501,16:45:00,19:30:00,2017-11-26 14:23:55,7.4,1300,41
334,ZH4501,CA4501,16:45:00,19:30:00,2017-11-26 14:23:56,7.4,1300,41
362,ZH4501,CA4501,16:45:00,19:30:00,2017-11-27 14:05:44,7.4,1300,40
424,ZH4501,CA4501,16:45:00,19:30:00,2017-11-27 14:05:46,7.4,1300,40
459,ZH4501,CA4501,16:45:00,19:30:00,2017-11-28 14:11:00,7.4,1300,39
583,ZH4501,CA4501,16:45:00,19:30:00,2017-11-29 14:16:56,7.4,1300,38
590,ZH4501,CA4501,16:45:00,19:30:00,2017-11-29 14:17:01,7.4,1300,38
656,ZH4501,CA4501,16:45:00,19:30:00,2017-11-30 14:27:23,7.1,1250,37
755,ZH4501,CA4501,16:45:00,19:30:00,2017-12-01 14:07:21,7.1,1250,36
789,ZH4501,CA4501,16:45:00,19:30:00,2017-12-01 14:07:22,7.1,1250,36
829,ZH4501,CA4501,16:45:00,19:30:00,2017-12-02 14:00:57,7.1,1250,35
872,ZH4501,CA4501,16:45:00,19:30:00,2017-12-02 14:00:58,7.1,1250,35
925,ZH4501,CA4501,16:45:00,19:30:00,2017-12-03 13:58:12,7.1,1250,34
1014,ZH4501,CA4501,16:45:00,19:30:00,2017-12-04 13:57:56,7.1,1250,33
1062,ZH4501,CA4501,16:45:00,19:30:00,2017-12-04 13:57:57,7.1,1250,33
1105,ZH4501,CA4501,16:45:00,19:30:00,2017-12-05 14:22:49,7.1,1250,32
1154,ZH4501,CA4501,16:45:00,19:30:00,2017-12-05 14:22:50,7.1,1250,32
1208,ZH4501,CA4501,16:45:00,19:30:00,2017-12-06 14:01:02,7.1,1250,31
1235,ZH4501,CA4501,16:45:00,19:30:00,2017-12-06 14:01:03,7.1,1250,31
1260,ZH4501,CA4501,16:45:00,19:30:00,2017-12-07 14:19:51,7.1,1250,30
1319,ZH4501,CA4501,16:45:00,19:30:00,2017-12-07 14:19:52,7.1,1250,30
1379,ZH4501,CA4501,16:45:00,19:30:00,2017-12-08 14:24:05,7.1,1250,29
1474,ZH4501,CA4501,16:45:00,19:30:00,2017-12-09 14:04:55,7.1,1250,28
1511,ZH4501,CA4501,16:45:00,19:30:00,2017-12-09 14:04:59,7.1,1250,28
1553,ZH4501,CA4501,16:45:00,19:30:00,2017-12-10 14:03:23,7.1,1250,27
1584,ZH4501,CA4501,16:45:00,19:30:00,2017-12-10 14:03:24,7.1,1250,27
1634,ZH4501,CA4501,16:45:00,19:30:00,2017-12-11 14:27:59,7.1,1250,26
1689,ZH4501,CA4501,16:45:00,19:30:00,2017-12-11 14:28:01,7.1,1250,26
1728,ZH4501,CA4501,16:45:00,19:30:00,2017-12-12 13:59:02,7.1,1250,25
1770,ZH4501,CA4501,16:45:00,19:30:00,2017-12-12 13:59:03,7.1,1250,25
1821,ZH4501,CA4501,16:45:00,19:30:00,2017-12-13 14:07:51,7.1,1250,24
1865,ZH4501,CA4501,16:45:00,19:30:00,2017-12-13 14:07:52,7.1,1250,24
1908,ZH4501,CA4501,16:45:00,19:30:00,2017-12-14 14:16:52,7.1,1250,23
2019,ZH4501,CA4501,16:45:00,19:30:00,2017-12-15 14:11:46,7.1,1250,22
2041,ZH4501,CA4501,16:45:00,19:30:00,2017-12-15 14:11:56,7.1,1250,22
2082,ZH4501,CA4501,16:45:00,19:30:00,2017-12-16 14:02:27,10.0,1760,21
2181,ZH4501,CA4501,16:45:00,19:30:00,2017-12-17 14:13:03,10.0,1760,20
2220,ZH4501,CA4501,16:45:00,19:30:00,2017-12-17 14:13:04,10.0,1760,20
2275,ZH4501,CA4501,16:45:00,19:30:00,2017-12-18 14:12:04,7.1,1250,19
2356,ZH4501,CA4501,16:45:00,19:30:00,2017-12-19 14:21:17,7.1,1250,18
2448,ZH4501,CA4501,16:45:00,19:30:00,2017-12-20 14:09:48,7.4,1300,17
2502,ZH4501,CA4501,16:45:00,19:30:00,2017-12-21 14:08:59,7.1,1250,16
2548,ZH4501,CA4501,16:45:00,19:30:00,2017-12-21 14:09:02,7.1,1250,16
2590,ZH4501,CA4501,16:45:00,19:30:00,2017-12-22 14:00:19,7.1,1250,15
2630,ZH4501,CA4501,16:45:00,19:30:00,2017-12-22 14:00:20,7.1,1250,15
2676,ZH4501,CA4501,16:45:00,19:30:00,2017-12-23 14:28:42,6.7,1180,14
2731,ZH4501,CA4501,16:45:00,19:30:00,2017-12-23 14:28:45,6.7,1180,14
2772,ZH4501,CA4501,16:45:00,19:30:00,2017-12-24 13:59:03,7.1,1250,13
2821,ZH4501,CA4501,16:45:00,19:30:00,2017-12-24 13:59:08,7.1,1250,13
2868,ZH4501,CA4501,16:45:00,19:30:00,2017-12-25 14:15:17,7.1,1250,12
2959,ZH4501,CA4501,16:45:00,19:30:00,2017-12-26 14:17:08,7.6,1330,11
3050,ZH4501,CA4501,16:45:00,19:30:00,2017-12-27 14:09:22,6.9,1210,10
3090,ZH4501,CA4501,16:45:00,19:30:00,2017-12-27 14:09:27,6.9,1210,10
3135,ZH4501,CA4501,16:45:00,19:30:00,2017-12-28 14:20:11,6.9,1210,9
3189,ZH4501,CA4501,16:45:00,19:30:00,2017-12-28 14:20:12,6.9,1210,9
3208,ZH4501,CA4501,16:45:00,19:30:00,2017-12-29 14:06:15,6.9,1210,8
3280,ZH4501,CA4501,16:45:00,19:30:00,2017-12-29 14:06:16,6.9,1210,8
3320,ZH4501,CA4501,16:45:00,19:30:00,2017-12-30 14:15:16,6.9,1210,7
3391,ZH4501,CA4501,16:45:00,19:30:00,2017-12-30 14:15:17,6.9,1210,7
3404,ZH4501,CA4501,16:45:00,19:30:00,2017-12-31 13:56:17,6.5,1150,6
3504,ZH4501,CA4501,16:45:00,19:30:00,2018-01-01 13:57:10,6.5,1150,5
3610,ZH4501,CA4501,16:45:00,19:30:00,2018-01-02 14:14:30,6.5,1150,4
3652,ZH4501,CA4501,16:45:00,19:30:00,2018-01-02 14:14:31,6.5,1150,4
3697,ZH4501,CA4501,16:45:00,19:30:00,2018-01-03 13:35:41,6.5,1150,3
3739,ZH4501,CA4501,16:45:00,19:30:00,2018-01-04 13:57:51,6.5,1150,2
3786,ZH4501,CA4501,16:45:00,19:30:00,2018-01-05 14:21:38,6.5,1150,1
3830,ZH4501,CA4501,16:45:00,19:30:00,2018-01-06 14:19:02,6.5,1150,0
3852,ZH4501,CA4501,16:45:00,19:30:00,2018-01-07 14:04:27,7.5,1320,0
25,ZH4515,CA4515,07:50:00,10:30:00,2017-11-23 14:08:55,2.8,490,44
45,ZH4515,CA4515,07:50:00,10:30:00,2017-11-23 14:08:58,2.8,490,44
125,ZH4515,CA4515,07:50:00,10:30:00,2017-11-24 14:22:17,2.8,490,43
147,ZH4515,CA4515,07:50:00,10:30:00,2017-11-24 14:22:30,2.8,490,43
223,ZH4515,CA4515,07:50:00,10:30:00,2017-11-25 14:17:54,2.8,490,42
228,ZH4515,CA4515,07:50:00,10:30:00,2017-11-25 14:17:56,2.8,490,42
273,ZH4515,CA4515,07:50:00,10:30:00,2017-11-26 14:23:55,2.8,490,41
317,ZH4515,CA4515,07:50:00,10:30:00,2017-11-26 14:23:56,2.8,490,41
379,ZH4515,CA4515,07:50:00,10:30:00,2017-11-27 14:05:44,2.8,490,40
429,ZH4515,CA4515,07:50:00,10:30:00,2017-11-27 14:05:46,2.8,490,40
493,ZH4515,CA4515,07:50:00,10:30:00,2017-11-28 14:11:00,2.8,490,39
573,ZH4515,CA4515,07:50:00,10:30:00,2017-11-29 14:16:56,2.8,490,38
607,ZH4515,CA4515,07:50:00,10:30:00,2017-11-29 14:17:01,2.8,490,38
673,ZH4515,CA4515,07:50:00,10:30:00,2017-11-30 14:27:23,2.8,490,37
727,ZH4515,CA4515,07:50:00,10:30:00,2017-12-01 14:07:21,2.8,490,36
768,ZH4515,CA4515,07:50:00,10:30:00,2017-12-01 14:07:22,2.8,490,36
813,ZH4515,CA4515,07:50:00,10:30:00,2017-12-02 14:00:57,2.8,490,35
862,ZH4515,CA4515,07:50:00,10:30:00,2017-12-02 14:00:58,2.8,490,35
902,ZH4515,CA4515,07:50:00,10:30:00,2017-12-03 13:58:12,5.2,910,34
997,ZH4515,CA4515,07:50:00,10:30:00,2017-12-04 13:57:56,5.2,910,33
1079,ZH4515,CA4515,07:50:00,10:30:00,2017-12-04 13:57:57,5.2,910,33
1099,ZH4515,CA4515,07:50:00,10:30:00,2017-12-05 14:22:49,5.2,910,32
1137,ZH4515,CA4515,07:50:00,10:30:00,2017-12-05 14:22:50,5.2,910,32
1180,ZH4515,CA4515,07:50:00,10:30:00,2017-12-06 14:01:02,5.2,910,31
1218,ZH4515,CA4515,07:50:00,10:30:00,2017-12-06 14:01:03,5.2,910,31
1302,ZH4515,CA4515,07:50:00,10:30:00,2017-12-07 14:19:51,5.2,910,30
1336,ZH4515,CA4515,07:50:00,10:30:00,2017-12-07 14:19:52,5.2,910,30
1351,ZH4515,CA4515,07:50:00,10:30:00,2017-12-08 14:24:05,5.2,910,29
1468,ZH4515,CA4515,07:50:00,10:30:00,2017-12-09 14:04:55,5.2,910,28
1517,ZH4515,CA4515,07:50:00,10:30:00,2017-12-09 14:04:59,5.2,910,28
1536,ZH4515,CA4515,07:50:00,10:30:00,2017-12-10 14:03:23,5.2,910,27
1594,ZH4515,CA4515,07:50:00,10:30:00,2017-12-10 14:03:24,5.2,910,27
1651,ZH4515,CA4515,07:50:00,10:30:00,2017-12-11 14:27:59,5.2,910,26
1708,ZH4515,CA4515,07:50:00,10:30:00,2017-12-11 14:28:01,5.2,910,26
1713,ZH4515,CA4515,07:50:00,10:30:00,2017-12-12 13:59:02,5.2,910,25
1755,ZH4515,CA4515,07:50:00,10:30:00,2017-12-12 13:59:03,5.2,910,25
1838,ZH4515,CA4515,07:50:00,10:30:00,2017-12-13 14:07:51,5.2,910,24
1882,ZH4515,CA4515,07:50:00,10:30:00,2017-12-13 14:07:52,5.2,910,24
1891,ZH4515,CA4515,07:50:00,10:30:00,2017-12-14 14:16:52,5.2,910,23
2001,ZH4515,CA4515,07:50:00,10:30:00,2017-12-15 14:11:46,5.2,910,22
2024,ZH4515,CA4515,07:50:00,10:30:00,2017-12-15 14:11:56,5.2,910,22
2112,ZH4515,CA4515,07:50:00,10:30:00,2017-12-16 14:02:27,10.0,1760,21
2165,ZH4515,CA4515,07:50:00,10:30:00,2017-12-17 14:13:03,10.0,1760,20
2205,ZH4515,CA4515,07:50:00,10:30:00,2017-12-17 14:13:04,10.0,1760,20
2249,ZH4515,CA4515,07:50:00,10:30:00,2017-12-18 14:12:04,5.2,910,19
2339,ZH4515,CA4515,07:50:00,10:30:00,2017-12-19 14:21:17,5.2,910,18
2429,ZH4515,CA4515,07:50:00,10:30:00,2017-12-20 14:09:48,5.4,950,17
2473,ZH4515,CA4515,07:50:00,10:30:00,2017-12-21 14:08:59,5.2,910,16
2519,ZH4515,CA4515,07:50:00,10:30:00,2017-12-21 14:09:02,5.2,910,16
2607,ZH4515,CA4515,07:50:00,10:30:00,2017-12-22 14:00:19,5.2,910,15
2612,ZH4515,CA4515,07:50:00,10:30:00,2017-12-22 14:00:20,5.2,910,15
2659,ZH4515,CA4515,07:50:00,10:30:00,2017-12-23 14:28:42,4.9,860,14
2714,ZH4515,CA4515,07:50:00,10:30:00,2017-12-23 14:28:45,4.9,860,14
2755,ZH4515,CA4515,07:50:00,10:30:00,2017-12-24 13:59:03,5.2,910,13
2838,ZH4515,CA4515,07:50:00,10:30:00,2017-12-24 13:59:08,5.2,910,13
2885,ZH4515,CA4515,07:50:00,10:30:00,2017-12-25 14:15:17,5.2,910,12
2976,ZH4515,CA4515,07:50:00,10:30:00,2017-12-26 14:17:08,5.2,910,11
3069,ZH4515,CA4515,07:50:00,10:30:00,2017-12-27 14:09:22,2.8,490,10
3073,ZH4515,CA4515,07:50:00,10:30:00,2017-12-27 14:09:27,2.8,490,10
3116,ZH4515,CA4515,07:50:00,10:30:00,2017-12-28 14:20:11,2.8,490,9
3162,ZH4515,CA4515,07:50:00,10:30:00,2017-12-28 14:20:12,2.8,490,9
3211,ZH4515,CA4515,07:50:00,10:30:00,2017-12-29 14:06:15,4.9,870,8
3261,ZH4515,CA4515,07:50:00,10:30:00,2017-12-29 14:06:16,4.9,870,8
3303,ZH4515,CA4515,07:50:00,10:30:00,2017-12-30 14:15:16,2.8,490,7
3374,ZH4515,CA4515,07:50:00,10:30:00,2017-12-30 14:15:17,2.8,490,7
3426,ZH4515,CA4515,07:50:00,10:30:00,2017-12-31 13:56:17,4.7,830,6
3487,ZH4515,CA4515,07:50:00,10:30:00,2018-01-01 13:57:10,4.7,830,5
3578,ZH4515,CA4515,07:50:00,10:30:00,2018-01-02 14:14:30,4.7,830,4
3623,ZH4515,CA4515,07:50:00,10:30:00,2018-01-02 14:14:31,4.7,830,4
3669,ZH4515,CA4515,07:50:00,10:30:00,2018-01-03 13:35:41,4.7,830,3
3756,ZH4515,CA4515,07:50:00,10:30:00,2018-01-04 13:57:51,6.5,1150,2
3803,ZH4515,CA4515,07:50:00,10:30:00,2018-01-05 14:21:38,6.5,1150,1
3847,ZH4515,CA4515,07:50:00,10:30:00,2018-01-06 14:19:02,6.5,1150,0
15,ZH5026,HO1120,13:10:00,15:55:00,2017-11-23 14:08:55,6.0,1063,44
64,ZH5026,HO1120,13:10:00,15:55:00,2017-11-23 14:08:58,6.0,1063,44
114,ZH5026,HO1120,13:10:00,15:55:00,2017-11-24 14:22:17,6.0,1063,43
161,ZH5026,HO1120,13:10:00,15:55:00,2017-11-24 14:22:30,6.0,1063,43
199,ZH5026,HO1120,13:10:00,15:55:00,2017-11-25 14:17:54,6.4,1130,42
254,ZH5026,HO1120,13:10:00,15:55:00,2017-11-25 14:17:56,6.4,1130,42
270,ZH5026,HO1120,13:10:00,15:55:00,2017-11-26 14:23:55,6.4,1130,41
351,ZH5026,HO1120,13:10:00,15:55:00,2017-11-26 14:23:56,6.4,1130,41
400,ZH5026,HO1120,13:10:00,15:55:00,2017-11-27 14:05:44,6.4,1130,40
436,ZH5026,HO1120,13:10:00,15:55:00,2017-11-27 14:05:46,6.4,1130,40
466,ZH5026,HO1120,13:10:00,15:55:00,2017-11-28 14:11:00,6.4,1130,39
545,ZH5026,HO1120,13:10:00,15:55:00,2017-11-29 14:16:56,6.4,1130,38
628,ZH5026,HO1120,13:10:00,15:55:00,2017-11-29 14:17:01,6.4,1130,38
649,ZH5026,HO1120,13:10:00,15:55:00,2017-11-30 14:27:23,6.4,1130,37
748,ZH5026,HO1120,13:10:00,15:55:00,2017-12-01 14:07:21,6.4,1130,36
796,ZH5026,HO1120,13:10:00,15:55:00,2017-12-01 14:07:22,6.4,1130,36
836,ZH5026,HO1120,13:10:00,15:55:00,2017-12-02 14:00:57,6.4,1130,35
879,ZH5026,HO1120,13:10:00,15:55:00,2017-12-02 14:00:58,6.4,1130,35
918,ZH5026,HO1120,13:10:00,15:55:00,2017-12-03 13:58:12,6.4,1130,34
1021,ZH5026,HO1120,13:10:00,15:55:00,2017-12-04 13:57:56,6.4,1130,33
1055,ZH5026,HO1120,13:10:00,15:55:00,2017-12-04 13:57:57,6.4,1130,33
1112,ZH5026,HO1120,13:10:00,15:55:00,2017-12-05 14:22:49,6.4,1130,32
1161,ZH5026,HO1120,13:10:00,15:55:00,2017-12-05 14:22:50,6.4,1130,32
1188,ZH5026,HO1120,13:10:00,15:55:00,2017-12-06 14:01:02,6.4,1130,31
1242,ZH5026,HO1120,13:10:00,15:55:00,2017-12-06 14:01:03,6.4,1130,31
1279,ZH5026,HO1120,13:10:00,15:55:00,2017-12-07 14:19:51,6.4,1130,30
1312,ZH5026,HO1120,13:10:00,15:55:00,2017-12-07 14:19:52,6.4,1130,30
1372,ZH5026,HO1120,13:10:00,15:55:00,2017-12-08 14:24:05,6.4,1130,29
1481,ZH5026,HO1120,13:10:00,15:55:00,2017-12-09 14:04:55,6.4,1130,28
1504,ZH5026,HO1120,13:10:00,15:55:00,2017-12-09 14:04:59,6.4,1130,28
1530,ZH5026,HO1120,13:10:00,15:55:00,2017-12-10 14:03:23,6.4,1130,27
1577,ZH5026,HO1120,13:10:00,15:55:00,2017-12-10 14:03:24,6.4,1130,27
1627,ZH5026,HO1120,13:10:00,15:55:00,2017-12-11 14:27:59,6.4,1130,26
1682,ZH5026,HO1120,13:10:00,15:55:00,2017-12-11 14:28:01,6.4,1130,26
1734,ZH5026,HO1120,13:10:00,15:55:00,2017-12-12 13:59:02,6.4,1130,25
1776,ZH5026,HO1120,13:10:00,15:55:00,2017-12-12 13:59:03,6.4,1130,25
1814,ZH5026,HO1120,13:10:00,15:55:00,2017-12-13 14:07:51,6.4,1130,24
1858,ZH5026,HO1120,13:10:00,15:55:00,2017-12-13 14:07:52,6.4,1130,24
1915,ZH5026,HO1120,13:10:00,15:55:00,2017-12-14 14:16:52,6.4,1130,23
1996,ZH5026,HO1120,13:10:00,15:55:00,2017-12-15 14:11:46,6.4,1130,22
2047,ZH5026,HO1120,13:10:00,15:55:00,2017-12-15 14:11:56,6.4,1130,22
2089,ZH5026,HO1120,13:10:00,15:55:00,2017-12-16 14:02:27,6.4,1130,21
2188,ZH5026,HO1120,13:10:00,15:55:00,2017-12-17 14:13:03,6.4,1130,20
2227,ZH5026,HO1120,13:10:00,15:55:00,2017-12-17 14:13:04,6.4,1130,20
2268,ZH5026,HO1120,13:10:00,15:55:00,2017-12-18 14:12:04,6.4,1130,19
2363,ZH5026,HO1120,13:10:00,15:55:00,2017-12-19 14:21:17,6.4,1130,18
2456,ZH5026,HO1120,13:10:00,15:55:00,2017-12-20 14:09:48,6.4,1130,17
2494,ZH5026,HO1120,13:10:00,15:55:00,2017-12-21 14:08:59,6.4,1130,16
2540,ZH5026,HO1120,13:10:00,15:55:00,2017-12-21 14:09:02,6.4,1130,16
2583,ZH5026,HO1120,13:10:00,15:55:00,2017-12-22 14:00:19,6.4,1130,15
2638,ZH5026,HO1120,13:10:00,15:55:00,2017-12-22 14:00:20,6.4,1130,15
2684,ZH5026,HO1120,13:10:00,15:55:00,2017-12-23 14:28:42,6.4,1130,14
2739,ZH5026,HO1120,13:10:00,15:55:00,2017-12-23 14:28:45,6.4,1130,14
2780,ZH5026,HO1120,13:10:00,15:55:00,2017-12-24 13:59:03,6.4,1130,13
2813,ZH5026,HO1120,13:10:00,15:55:00,2017-12-24 13:59:08,6.4,1130,13
2860,ZH5026,HO1120,13:10:00,15:55:00,2017-12-25 14:15:17,6.4,1130,12
2951,ZH5026,HO1120,13:10:00,15:55:00,2017-12-26 14:17:08,6.4,1130,11
3042,ZH5026,HO1120,13:10:00,15:55:00,2017-12-27 14:09:22,6.4,1130,10
3098,ZH5026,HO1120,13:10:00,15:55:00,2017-12-27 14:09:27,6.4,1130,10
3143,ZH5026,HO1120,13:10:00,15:55:00,2017-12-28 14:20:11,6.4,1130,9
3181,ZH5026,HO1120,13:10:00,15:55:00,2017-12-28 14:20:12,6.4,1130,9
3235,ZH5026,HO1120,13:10:00,15:55:00,2017-12-29 14:06:15,6.4,1128,8
3288,ZH5026,HO1120,13:10:00,15:55:00,2017-12-29 14:06:16,6.4,1128,8
3327,ZH5026,HO1120,13:10:00,15:55:00,2017-12-30 14:15:16,6.4,1128,7
3353,ZH5026,HO1120,13:10:00,15:55:00,2017-12-30 14:15:17,6.4,1128,7
3413,ZH5026,HO1120,13:10:00,15:55:00,2017-12-31 13:56:17,6.4,1128,6
3511,ZH5026,HO1120,13:10:00,15:55:00,2018-01-01 13:57:10,6.4,1128,5
3602,ZH5026,HO1120,13:10:00,15:55:00,2018-01-02 14:14:30,6.4,1128,4
3644,ZH5026,HO1120,13:10:00,15:55:00,2018-01-02 14:14:31,6.4,1128,4
3690,ZH5026,HO1120,13:10:00,15:55:00,2018-01-03 13:35:41,6.4,1128,3
3731,ZH5026,HO1120,13:10:00,15:55:00,2018-01-04 13:57:51,6.4,1128,2
3778,ZH5026,HO1120,13:10:00,15:55:00,2018-01-05 14:21:38,6.4,1130,1
3818,ZH5026,HO1120,13:10:00,15:55:00,2018-01-06 14:19:02,6.4,1130,0
